[Vehicles]
1 19 1
2 19 0
3 18 1
4 18 0
5 17 1
6 17 0
7 17 1
8 17 0
9 16 0
10 16 1
11 16 1
12 16 0
13 13 0
14 6 0
15 20 1
16 20 1
17 20 0
18 7 0
19 16 1
20 16 1
21 15 0
22 16 1
23 20 0
24 16 1
25 15 0
26 17 0
27 18 1
28 20 0
29 17 1
30 15 0

[Requests]
2 1
3 2
4 2
5 1
6 1
7 2
8 1
9 1
10 1
11 2
12 1
13 2
14 2
15 1
16 1
17 2
18 1
19 2
20 2
21 1
22 3
23 1
24 2
25 1
26 1
27 1
28 3
29 1
30 1
31 2
32 3
33 2
34 1
35 2
36 3
37 2
38 1
39 1
40 1
41 2
42 2
43 3
44 2
45 2
46 1
47 2
48 3
49 1
50 2
51 1
52 1
53 1
54 2
55 3
56 1
57 1
58 1
59 3
60 1
61 1
62 1
63 2
64 1
65 2
66 2
67 2
68 1
69 3
70 2
71 2
72 1
73 2
74 3
75 1
76 1
77 1
78 1
79 1
80 1
81 1
82 2
83 1
84 2
85 1
86 2
87 2
88 1
89 3
90 1
91 1
92 1
93 1
94 2
95 1
96 2
97 1
98 2
99 1
100 3
101 2

[Fixed lines]
202 204 30 60 90 120 150 180 210 240 270 300 330 360 390 420 450 480 510 540 570 |
204 202 30 60 90 120 150 180 210 240 270 300 330 360 390 420 450 480 510 540 570 |
203 204 30 60 90 120 150 180 210 240 270 300 330 360 390 420 450 480 510 540 570 |
204 203 30 60 90 120 150 180 210 240 270 300 330 360 390 420 450 480 510 540 570 |
202 203 30 60 90 120 150 180 210 240 270 300 330 360 390 420 450 480 510 540 570 |
203 202 30 60 90 120 150 180 210 240 270 300 330 360 390 420 450 480 510 540 570 |

[Nodes]
0 0 600 0
1 0 600 0
2 92 149 2
3 219 257 2
4 247 295 1
5 0 78 1
6 196 284 3
7 5 52 1
8 161 213 2
9 0 65 2
10 117 194 1
11 301 382 1
12 78 154 3
13 157 234 3
14 110 154 2
15 49 101 3
16 323 390 2
17 41 85 2
18 178 258 3
19 147 202 1
20 263 316 2
21 349 415 3
22 124 209 2
23 15 96 1
24 151 216 3
25 130 180 2
26 79 130 2
27 156 193 3
28 0 49 2
29 197 268 2
30 68 126 1
31 117 170 3
32 165 204 3
33 295 365 3
34 196 230 2
35 132 189 1
36 78 125 1
37 30 62 1
38 399 458 2
39 67 129 3
40 36 106 2
41 0 34 1
42 137 190 2
43 0 63 1
44 96 140 3
45 141 193 3
46 59 132 2
47 63 149 1
48 51 103 1
49 116 175 3
50 48 94 3
51 68 118 1
52 172 256 3
53 7 84 2
54 301 366 2
55 231 289 2
56 178 239 2
57 37 123 2
58 72 119 1
59 49 104 2
60 259 332 1
61 3 38 1
62 252 292 2
63 311 352 2
64 211 279 3
65 126 170 2
66 24 110 1
67 125 185 1
68 55 129 3
69 0 33 1
70 37 67 2
71 252 319 1
72 213 261 2
73 134 213 1
74 72 125 3
75 62 120 1
76 113 171 3
77 252 343 1
78 22 60 1
79 251 291 3
80 197 257 1
81 58 106 2
82 3 42 1
83 104 162 3
84 153 198 1
85 369 435 3
86 185 255 2
87 115 149 1
88 275 306 3
89 190 253 2
90 100 189 3
91 70 140 2
92 391 461 1
93 243 295 3
94 121 195 3
95 199 250 2
96 141 219 3
97 64 154 1
98 319 348 3
99 236 285 2
100 109 173 1
101 283 354 2
102 440 506 1
103 233 306 1
104 449 521 3
105 407 465 3
106 232 273 3
107 0 58 3
108 371 424 2
109 332 400 1
110 421 469 3
111 458 535 3
112 430 471 2
113 461 529 1
114 446 522 1
115 397 448 3
116 483 518 1
117 465 530 3
118 518 563 3
119 321 371 2
120 401 450 1
121 476 541 2
122 538 594 1
123 374 432 3
124 272 319 2
125 147 201 2
126 352 388 3
127 334 379 1
128 490 552 2
129 550 590 2
130 462 506 3
131 170 227 3
132 407 458 1
133 361 409 3
134 534 575 2
135 368 428 3
136 431 505 3
137 269 316 1
138 517 547 3
139 193 263 2
140 283 332 1
141 160 215 2
142 432 485 2
143 345 400 1
144 303 394 1
145 288 321 1
146 262 301 3
147 232 302 1
148 127 194 2
149 373 434 1
150 364 412 2
151 300 354 2
152 448 512 3
153 281 341 2
154 490 549 2
155 472 524 2
156 253 286 3
157 255 300 2
158 231 274 2
159 446 500 1
160 394 462 1
161 420 486 3
162 351 393 2
163 540 599 1
164 304 358 1
165 370 401 3
166 368 399 1
167 417 461 2
168 374 425 2
169 253 309 1
170 312 384 2
171 258 312 1
172 334 395 2
173 493 545 3
174 154 207 1
175 509 554 2
176 391 445 2
177 406 455 1
178 67 144 1
179 546 600 3
180 271 327 2
181 478 527 2
182 431 509 2
183 266 311 2
184 338 405 3
185 462 530 1
186 287 347 2
187 204 283 2
188 478 533 2
189 434 497 2
190 466 522 2
191 194 267 2
192 453 504 1
193 340 403 3
194 301 370 3
195 447 505 3
196 193 261 1
197 333 386 3
198 513 577 2
199 370 418 3
200 264 333 3
201 363 426 1
202 0 600 1
203 0 600 1
204 0 600 1

[Positions]
40 90
170 100
34 153
85 18
60 22
37 120
62 77
49 73
81 91
189 111
133 46
128 168
82 14
197 4
105 171
173 36
21 129
170 134
52 174
82 189
196 188
142 157
140 1
182 53
80 99
36 157
72 154
137 47
182 94
71 50
170 111
101 17
99 196
24 10
132 187
148 18
129 118
199 93
45 159
14 20
18 154
39 88
59 25
17 66
129 29
20 173
168 31
25 3
78 31
37 195
72 44
40 140
168 26
20 52
6 26
172 154
146 115
178 177
100 14
85 45
128 183
46 72
153 87
5 141
73 111
149 62
178 47
96 129
60 164
32 93
187 135
20 42
108 98
115 167
69 31
167 173
94 153
105 144
16 91
110 197
128 103
59 151
191 110
66 156
105 166
176 181
65 83
34 194
77 36
92 75
35 158
77 148
56 118
106 192
64 31
78 198
136 3
123 33
3 22
176 169
108 30
111 63
153 159
58 29
105 108
137 12
58 64
58 71
73 34
29 21
15 54
147 140
36 159
3 185
2 99
192 180
137 56
155 23
178 66
8 135
187 62
87 100
158 96
170 179
6 49
62 162
183 117
88 43
136 96
173 82
168 137
101 80
194 70
14 50
47 47
33 52
127 7
50 15
27 156
97 90
170 120
56 180
149 160
193 167
97 121
118 96
97 147
116 107
134 54
140 20
44 97
167 112
25 73
174 114
141 94
28 41
89 138
0 199
157 66
34 196
106 175
185 57
73 46
183 72
142 75
106 96
156 197
112 23
166 26
70 128
120 59
13 45
40 123
10 30
92 65
168 62
56 124
187 174
12 134
68 67
104 145
84 59
157 127
199 197
122 86
103 134
103 55
74 120
178 119
145 149
91 119
157 193
14 102
144 174
173 119
93 128
95 5
86 128
161 50
112 71
56 135
53 40
25 30
106 154
178 24

[Demands]
-1 1 2
0 2 3
0 2 3
0 1 2
-1 1 2
-1 2 3
0 1 2
-1 1 2
0 1 2
1 2 3
-1 1 2
1 2 3
0 2 3
-1 1 2
0 1 2
0 2 3
0 1 2
0 2 3
-1 2 3
-1 1 2
0 3 4
-1 1 2
0 2 3
0 1 2
-1 1 2
-1 1 2
2 3 5
0 1 2
-1 1 2
1 2 4
1 3 4
0 2 3
0 1 2
0 2 3
1 3 6
-1 2 3
-1 1 2
-1 1 2
0 1 2
0 2 3
0 2 4
2 3 5
-1 2 3
0 2 3
-1 1 2
1 2 3
2 3 4
0 1 2
-1 2 3
-1 1 2
-1 1 2
0 1 2
0 2 3
1 3 4
-1 1 2
0 1 2
0 1 2
-1 3 6
0 1 2
-1 1 2
0 1 2
0 2 4
-1 1 2
0 2 3
-1 2 4
1 2 3
0 1 2
1 3 4
1 2 3
1 2 3
0 1 2
0 2 3
2 3 5
0 1 2
-1 1 2
-1 1 2
0 1 2
-1 1 2
-1 1 2
0 1 2
0 2 4
0 1 2
1 2 4
-1 1 2
1 2 4
0 2 4
-1 1 2
-1 3 4
0 1 2
-1 1 2
-1 1 2
-1 1 2
-1 2 4
-1 1 2
0 2 3
-1 1 2
1 2 3
-1 1 2
1 3 5
1 2 3
