[Vehicles]
1 12 0
2 6 1
3 6 1
4 16 1
5 17 1
6 16 1
7 7 0
8 9 0
9 8 1
10 17 1
11 19 0
12 17 0
13 17 0
14 7 0
15 19 1
16 6 0
17 6 0
18 7 0
19 16 1
20 15 0
21 6 0
22 16 1
23 7 1
24 16 1
25 15 0
26 17 0
27 18 1
28 20 0
29 17 1
30 15 0

[Requests]
2 1
3 2
4 1
5 2
6 1
7 1
8 1
9 2
10 2
11 1
12 1
13 1
14 1
15 1
16 2
17 2
18 2
19 2
20 1
21 1
22 2
23 1
24 1
25 1
26 2
27 1
28 1
29 1
30 2
31 1
32 2
33 1
34 1
35 2
36 1
37 2
38 1
39 1
40 2
41 2
42 2
43 1
44 2
45 2
46 1
47 2
48 3
49 1
50 2
51 1
52 2
53 1
54 2
55 1
56 2
57 1
58 2
59 2
60 1
61 1
62 1
63 1
64 1
65 1
66 2
67 2
68 1
69 1
70 2
71 2
72 1
73 1
74 1
75 1
76 2
77 2
78 3
79 2
80 2
81 3
82 2
83 1
84 2
85 1
86 2
87 1
88 2
89 1
90 1
91 2
92 3
93 1
94 2
95 1
96 2
97 1
98 2
99 2
100 2
101 1

[Fixed lines]
202 204 30 60 90 120 150 180 210 240 270 300 330 360 390 420 450 480 510 540 570 |
204 202 30 60 90 120 150 180 210 240 270 300 330 360 390 420 450 480 510 540 570 |
203 204 30 60 90 120 150 180 210 240 270 300 330 360 390 420 450 480 510 540 570 |
204 203 30 60 90 120 150 180 210 240 270 300 330 360 390 420 450 480 510 540 570 |
202 203 30 60 90 120 150 180 210 240 270 300 330 360 390 420 450 480 510 540 570 |
203 202 30 60 90 120 150 180 210 240 270 300 330 360 390 420 450 480 510 540 570 |

[Nodes]
0 0 600 0
1 0 600 0
2 243 288 3
3 47 103 1
4 15 44 2
5 167 201 2
6 0 54 3
7 103 149 3
8 263 307 2
9 230 288 3
10 189 251 2
11 102 149 3
12 311 390 3
13 134 196 1
14 103 148 1
15 79 146 3
16 23 96 2
17 330 383 3
18 195 244 3
19 108 175 3
20 234 298 3
21 6 51 2
22 324 365 3
23 217 270 2
24 347 406 3
25 399 451 2
26 154 217 3
27 172 227 2
28 144 200 2
29 274 339 2
30 155 203 2
31 164 214 2
32 146 199 1
33 45 84 2
34 179 232 3
35 169 221 2
36 37 83 1
37 206 272 2
38 120 171 3
39 217 282 3
40 93 158 2
41 272 338 2
42 39 86 2
43 168 249 3
44 359 409 1
45 51 115 3
46 79 122 1
47 253 314 3
48 332 399 1
49 213 271 2
50 152 228 1
51 59 119 2
52 19 95 3
53 108 162 1
54 281 343 3
55 154 185 2
56 118 164 1
57 252 290 1
58 128 164 3
59 324 360 2
60 115 169 3
61 16 64 1
62 159 217 2
63 90 126 1
64 296 376 1
65 19 84 2
66 128 168 2
67 180 233 2
68 36 96 1
69 302 371 3
70 110 151 2
71 95 139 2
72 124 202 3
73 245 281 3
74 201 264 2
75 189 245 1
76 114 179 3
77 61 114 2
78 55 120 2
79 195 241 3
80 0 59 2
81 19 72 2
82 199 278 1
83 83 123 2
84 230 278 1
85 125 172 1
86 131 172 1
87 202 261 3
88 171 226 3
89 124 188 2
90 91 120 1
91 18 89 3
92 174 231 1
93 187 217 2
94 114 155 1
95 286 357 1
96 323 395 2
97 4 76 3
98 48 102 3
99 128 196 2
100 108 165 1
101 86 135 3
102 399 432 1
103 340 378 2
104 497 573 3
105 430 479 3
106 181 241 2
107 320 370 3
108 400 448 3
109 301 348 1
110 372 438 1
111 419 480 3
112 389 467 2
113 454 513 2
114 316 379 3
115 300 369 1
116 487 542 3
117 382 449 2
118 406 458 3
119 297 355 2
120 467 533 2
121 293 334 2
122 334 403 3
123 372 436 2
124 404 435 2
125 397 445 1
126 280 322 2
127 482 537 1
128 336 394 3
129 456 492 1
130 215 256 1
131 476 544 2
132 463 520 2
133 459 499 2
134 489 562 2
135 450 508 1
136 361 395 1
137 313 362 2
138 137 178 1
139 309 356 1
140 403 456 1
141 355 407 2
142 422 484 1
143 274 333 1
144 507 539 3
145 264 316 1
146 510 572 2
147 337 377 2
148 450 506 1
149 436 476 3
150 486 528 2
151 52 119 3
152 334 394 2
153 407 445 3
154 428 471 3
155 200 268 1
156 229 295 3
157 485 528 3
158 458 511 3
159 388 450 2
160 464 512 3
161 112 181 3
162 230 289 2
163 115 147 1
164 334 403 1
165 261 338 2
166 474 542 3
167 328 387 2
168 221 263 2
169 393 441 2
170 314 378 3
171 384 438 3
172 402 443 3
173 301 356 1
174 409 461 1
175 419 466 1
176 433 497 1
177 438 467 1
178 123 173 1
179 432 488 3
180 506 560 1
181 311 366 1
182 238 276 1
183 119 168 2
184 400 451 3
185 366 418 1
186 388 437 2
187 525 551 1
188 465 517 2
189 317 373 2
190 475 529 3
191 297 354 1
192 251 322 2
193 390 434 2
194 145 184 1
195 347 398 3
196 414 452 3
197 76 137 2
198 131 189 1
199 151 195 3
200 486 542 1
201 392 426 3
202 0 600 2
203 0 600 2
204 0 600 2

[Positions]
60 100
140 100

107 106
158 92
124 105
26 75
119 99
129 113
98 114
111 105
27 74
24 44
129 123
18 27
114 116
181 94
57 52
109 101
196 102
46 44
94 147
161 85
115 112
178 118
141 106
104 138
158 126
99 122
104 128
86 137
11 31
163 122
28 54
49 42
39 60
29 63
165 53
84 131
21 46
79 112
142 100
107 137
104 95
145 124
146 118
51 29
166 81
51 62
112 116
106 105
160 121
32 64
174 94
116 123
90 118
107 128
193 125
89 146
24 68
81 116
31 22
110 95
184 95
20 43
97 93
105 110
190 132
37 55
109 105
105 123
143 99
23 42
114 135
72 115
199 112
72 127
16 60
151 102
166 87
12 65
161 98
95 121
37 77
34 42
115 113
20 27
23 28
126 134
6 46
33 46
172 102
103 98
37 64
1 57
124 115
118 140
10 58
164 87
172 99
21 58
193 129
146 104

34 46
45 44
197 113
178 89
22 69
3 60
48 67
81 129
153 125
188 107
184 118
159 107
44 37
39 57
144 98
154 120
93 95
115 124
148 92
40 77
104 118
108 126
166 133
91 131
106 97
47 53
53 53
29 42
13 72
189 95
180 98
170 90
54 40
190 127
19 50
101 128
17 54
37 70
87 102
147 122
76 129
97 113
175 86
87 119
55 46
107 97
79 126
35 32
41 37
33 57
5 59
7 34
188 110
90 113
123 108
145 95
195 125
51 58
156 101
177 103
177 117
30 30
125 104
152 109
41 40
115 115
188 122
171 129
82 108
127 115
10 29
27 77
83 144
165 112
189 125
38 30
193 127
163 111
174 93
4 54
50 59
20 50
171 125
59 54
102 95
169 98
159 95
103 96
49 46
102 115
85 113
115 101
110 137
153 127
26 24
141 110
111 137
25 69
54 46
17 29
30 50
100 120
170 110

[Demands]
-1 1 2
0 2 3
-1 1 2
1 2 3
0 1 2
0 1 2
0 1 2
1 2 3
1 2 4
0 1 2
-1 1 2
-1 1 2
0 1 2
0 1 2
-1 2 3
-1 2 3
-1 2 4
-1 2 3
-1 1 2
0 1 2
1 2 3
-1 1 2
-1 1 2
0 1 2
0 2 4
0 1 2
-1 1 2
0 1 2
0 2 4
-1 1 2
1 2 3
-1 1 2
-1 1 2
0 2 4
-1 1 2
0 2 3
-1 1 2
-1 1 2
-1 2 3
1 2 3
0 2 4
-1 1 2
0 2 3
0 2 4
-1 1 2
0 2 3
-1 3 6
-1 1 2
0 2 3
0 1 2
1 2 4
0 1 2
0 2 4
0 1 2
0 2 3
0 1 2
1 2 3
1 2 3
0 1 2
-1 1 2
0 1 2
-1 1 2
0 1 2
0 1 2
-1 2 4
0 2 4
-1 1 2
0 1 2
-1 2 3
0 2 3
-1 1 2
-1 1 2
-1 1 2
0 1 2
1 2 3
0 2 3
-1 3 5
0 2 3
-1 2 3
1 3 4
-1 2 3
-1 1 2
0 2 3
-1 1 2
1 2 3
0 1 2
0 2 3
-1 1 2
-1 1 2
1 2 3
1 3 4
0 1 2
-1 2 3
-1 1 2
0 2 4
-1 1 2
-1 2 3
-1 2 3
1 2 4
0 1 2
