[Vehicles]
1 12 1
2 6 0
3 6 0
4 13 0



[Requests]
2 1
3 1
4 1
5 2
6 1
7 1
8 2
9 1
10 3
11 1
12 1
13 1
14 2
15 1
16 2
17 2
18 2
19 3
20 3
21 2

[Fixed Lines]
42 44 30 60 90 120 150 180 210 240 270 300 330 360 390 420 450 480 510 540 570 |
44 42 30 60 90 120 150 180 210 240 270 300 330 360 390 420 450 480 510 540 570 |
43 44 30 60 90 120 150 180 210 240 270 300 330 360 390 420 450 480 510 540 570 |
44 43 30 60 90 120 150 180 210 240 270 300 330 360 390 420 450 480 510 540 570 |
42 43 30 60 90 120 150 180 210 240 270 300 330 360 390 420 450 480 510 540 570 |
43 42 30 60 90 120 150 180 210 240 270 300 330 360 390 420 450 480 510 540 570 |

[Nodes]
0 0 600 0
1 0 600 0
2 272 429 3
3 202 330 3
4 373 477 2
5 123 248 3
6 242 371 2
7 139 239 2
8 143 247 2
9 185 314 3
10 299 432 1
11 81 189 1
12 233 309 1
13 72 144 1
14 154 259 2
15 6 126 1
16 90 171 2
17 73 161 2
18 35 140 2
19 0 98 2
20 146 259 1
21 94 175 1
22 350 506 2
23 434 566 2
24 373 469 1
25 259 343 2
26 438 510 1
27 442 578 2
28 421 537 1
29 286 379 1
30 422 534 1
31 388 464 3
32 464 549 3
33 99 163 1
34 299 416 2
35 200 284 2
36 282 410 3
37 357 465 3
38 424 481 1
39 284 393 1
40 216 357 2
41 126 203 1
42 0 600 2
43 0 600 2
44 0 600 2

[Positions]
60 100
140 100
129 123
94 147
104 138
158 126
86 137
163 122
29 63
79 112
112 116
116 123
89 146
20 43
37 55
109 105
143 99
23 42
151 102
95 121
37 64
124 115
184 118
148 92
91 131
106 97
29 42
189 95
190 127
37 70
79 126
7 34
145 95
30 30
115 115
188 122
82 108
127 115
38 30
4 54
85 113
110 137
30 50
100 120
170 110
