[Vehicles]
1 11 1
2 9 0
3 6 0
4 12 1
5 13 0
6 9 1
7 10 1
8 11 0

[Requests]
2 2
3 1
4 2
5 1
6 2
7 2
8 1
9 2
10 1
11 1
12 1
13 1
14 1
15 2
16 2
17 1
18 2
19 1
20 2
21 1
22 2
23 3
24 1
25 2
26 2

[Fixed Lines]
52 54 30 60 90 120 150 180 210 240 270 300 330 360 390 420 450 480 510 540 570 |
54 52 30 60 90 120 150 180 210 240 270 300 330 360 390 420 450 480 510 540 570 |
53 54 30 60 90 120 150 180 210 240 270 300 330 360 390 420 450 480 510 540 570 |
54 53 30 60 90 120 150 180 210 240 270 300 330 360 390 420 450 480 510 540 570 |
52 53 30 60 90 120 150 180 210 240 270 300 330 360 390 420 450 480 510 540 570 |
53 52 30 60 90 120 150 180 210 240 270 300 330 360 390 420 450 480 510 540 570 |

[Nodes]
0 0 600 0
1 0 600 0
2 47 103 1
3 16 44 2
4 167 201 2
5 21 51 3
6 189 251 2
7 48 96 2
8 347 406 3
9 154 217 3
10 172 217 2
11 144 200 2
12 274 319 2
13 164 214 2
14 59 84 2
15 206 272 2
16 34 65 3
17 30 64 1
18 180 223 2
19 124 172 3
20 195 231 3
21 202 241 3
22 171 226 3
23 174 211 1
24 286 337 1
25 48 102 3
26 128 166 2
27 340 378 2
28 497 533 3
29 430 479 3
30 181 241 2
31 372 418 1
32 487 532 3
33 404 435 2
34 280 322 2
35 482 527 1
36 336 374 3
37 456 492 1
38 476 514 2
39 459 489 2
40 313 352 2
41 334 374 2
42 112 161 3
43 328 377 2
44 402 443 3
45 432 478 3
46 525 555 1
47 465 507 2
48 251 302 2
49 347 398 3
50 131 189 1
51 151 185 3
52 0 600 2
53 0 600 2
54 0 600 2

[Positions]
60 100
140 100
158 92
124 105
26 75
119 99
27 74
57 52
141 106
158 126
99 122
104 128
86 137
163 122
49 42
84 131
174 94
110 95
37 55
114 135
12 65
126 134
6 46
37 64
118 140
172 99
21 58
45 44
197 113
178 89
22 69
153 125
144 98
166 133
106 97
47 53
53 53
29 42
189 95
170 90
101 128
5 59
177 103
115 115
10 29
163 111
169 98
159 95
85 113
153 127
111 137
25 69
30 50
100 120
170 110
