[Vehicles]
1 7 1
2 9 0
3 6 0
4 7 0
5 7 1
6 8 0
7 8 1
8 9 1

[Requests]
2 1
3 1
4 1
5 1
6 1
7 1
8 2
9 2
10 1
11 2
12 1
13 1
14 1
15 1
16 1
17 1
18 1
19 2
20 2
21 1
22 1
23 1
24 1
25 2
26 1
27 1
28 2
29 1
30 1
31 1
32 3
33 2
34 3
35 2
36 1
37 2
38 1
39 1
40 2
41 1

[Fixed Lines]
82 84 30 60 90 120 150 180 210 240 270 300 330 360 390 420 450 480 510 540 570 |
84 82 30 60 90 120 150 180 210 240 270 300 330 360 390 420 450 480 510 540 570 |
83 84 30 60 90 120 150 180 210 240 270 300 330 360 390 420 450 480 510 540 570 |
84 83 30 60 90 120 150 180 210 240 270 300 330 360 390 420 450 480 510 540 570 |
82 83 30 60 90 120 150 180 210 240 270 300 330 360 390 420 450 480 510 540 570 |
83 82 30 60 90 120 150 180 210 240 270 300 330 360 390 420 450 480 510 540 570 |

[Nodes]
0 0 600 0
1 0 600 0
2 16 35 2
3 21 54 3
4 263 297 2
5 134 166 1
6 103 138 1
7 79 126 3
8 48 78 2
9 330 373 3
10 25 55 2
11 324 355 3
12 347 386 3
13 144 190 2
14 274 319 2
15 164 204 2
16 59 89 2
17 179 212 3
18 217 252 3
19 272 308 2
20 39 86 2
21 168 209 3
22 213 251 2
23 59 99 2
24 108 142 1
25 281 323 3
26 159 207 2
27 36 66 2
28 128 168 2
29 124 172 3
30 245 281 3
31 201 244 2
32 55 100 2
33 195 241 3
34 40 72 2
35 199 258 1
36 125 162 1
37 131 172 1
38 124 168 2
39 187 217 2
40 114 155 1
41 27 57 3
42 497 539 3
43 181 241 2
44 400 448 3
45 454 503 2
46 316 359 3
47 300 339 1
48 487 542 3
49 382 449 2
50 293 334 2
51 334 403 3
52 404 435 2
53 336 394 3
54 456 492 1
55 476 524 2
56 459 499 2
57 489 532 2
58 309 346 1
59 355 407 2
60 422 454 1
61 274 333 1
62 436 476 3
63 52 119 3
64 407 445 3
65 428 471 3
66 230 269 2
67 261 308 2
68 474 512 3
69 402 433 3
70 301 346 1
71 409 441 1
72 123 153 1
73 432 468 3
74 311 366 1
75 238 276 1
76 366 408 1
77 388 437 2
78 317 353 2
79 390 424 2
80 145 184 1
81 76 137 2
82 0 600 2
83 0 600 2
84 0 600 2

[Positions]
60 100
140 100
124 105
119 99
98 114
18 27
114 116
181 94
57 52
109 101
161 85
115 112
141 106
104 128
86 137
163 122
49 42
39 60
79 112
107 137
104 95
145 124
106 105
32 64
116 123
90 118
184 95
105 110
190 132
114 135
72 115
199 112
166 87
12 65
95 121
37 77
20 27
23 28
33 46
1 57
124 115
164 87
197 113
22 69
48 67
159 107
44 37
39 57
144 98
154 120
40 77
104 118
166 133
53 53
29 42
189 95
170 90
54 40
37 70
147 122
76 129
97 113
35 32
33 57
7 34
188 110
177 117
152 109
41 40
10 29
27 77
83 144
193 127
163 111
4 54
50 59
59 54
102 95
103 96
115 101
110 137
141 110
30 50
100 120
170 110
