[Vehicles]
1 20 1
2 19 1
3 19 0
4 18 0
5 17 0
6 17 0
7 17 1
8 17 1
9 17 1
10 17 0
11 16 0
12 16 0
13 16 0
14 16 0
15 16 0
16 15 1

[Requests]
2 1
3 2
4 1
5 2
6 1
7 1
8 1
9 2
10 2
11 1
12 1
13 1
14 1
15 1
16 2
17 2
18 2
19 2
20 1
21 1
22 2
23 1
24 1
25 1
26 2
27 1
28 1
29 1
30 2
31 1
32 2
33 1
34 1
35 2
36 1
37 2
38 1
39 1
40 2
41 2
42 2
43 1
44 2
45 2
46 1
47 2
48 3
49 1
50 2
51 1
52 2
53 1
54 2
55 1
56 2
57 1
58 2
59 2
60 1
61 1
62 1
63 1
64 1
65 1
66 2
67 2
68 1
69 1
70 2
71 2
72 1
73 1
74 1
75 1
76 2

[Fixed Lines]
152 154 30 60 90 120 150 180 210 240 270 300 330 360 390 420 450 480 510 540 570 |
154 152 30 60 90 120 150 180 210 240 270 300 330 360 390 420 450 480 510 540 570 |
153 154 30 60 90 120 150 180 210 240 270 300 330 360 390 420 450 480 510 540 570 |
154 153 30 60 90 120 150 180 210 240 270 300 330 360 390 420 450 480 510 540 570 |
152 153 30 60 90 120 150 180 210 240 270 300 330 360 390 420 450 480 510 540 570 |
153 152 30 60 90 120 150 180 210 240 270 300 330 360 390 420 450 480 510 540 570 |

[Nodes]
0 0 600 0
1 0 600 0
2 243 288 3
3 47 103 1
4 15 44 2
5 167 201 2
6 0 54 3
7 103 149 3
8 263 307 2
9 230 288 3
10 189 251 2
11 102 149 3
12 311 390 3
13 134 196 1
14 103 148 1
15 79 146 3
16 23 96 2
17 330 383 3
18 195 244 3
19 108 175 3
20 234 298 3
21 6 51 2
22 324 365 3
23 217 270 2
24 347 406 3
25 399 451 2
26 154 217 3
27 172 227 2
28 144 200 2
29 274 339 2
30 155 203 2
31 164 214 2
32 146 199 1
33 45 84 2
34 179 232 3
35 169 221 2
36 37 83 1
37 206 272 2
38 120 171 3
39 217 282 3
40 93 158 2
41 272 338 2
42 39 86 2
43 168 249 3
44 359 409 1
45 51 115 3
46 79 122 1
47 253 314 3
48 332 399 1
49 213 271 2
50 152 228 1
51 59 119 2
52 19 95 3
53 108 162 1
54 281 343 3
55 154 185 2
56 118 164 1
57 252 290 1
58 128 164 3
59 324 360 2
60 115 169 3
61 16 64 1
62 159 217 2
63 90 126 1
64 296 376 1
65 19 84 2
66 128 168 2
67 180 233 2
68 36 96 1
69 302 371 3
70 110 151 2
71 95 139 2
72 124 202 3
73 245 281 3
74 201 264 2
75 189 245 1
76 114 179 3
77 399 432 1
78 340 378 2
79 497 573 3
80 430 479 3
81 181 241 2
82 320 370 3
83 400 448 3
84 301 348 1
85 372 438 1
86 419 480 3
87 389 467 2
88 454 513 2
89 316 379 3
90 300 369 1
91 487 542 3
92 382 449 2
93 406 458 3
94 297 355 2
95 467 533 2
96 293 334 2
97 334 403 3
98 372 436 2
99 404 435 2
100 397 445 1
101 280 322 2
102 482 537 1
103 336 394 3
104 456 492 1
105 215 256 1
106 476 544 2
107 463 520 2
108 459 499 2
109 489 562 2
110 450 508 1
111 361 395 1
112 313 362 2
113 137 178 1
114 309 356 1
115 403 456 1
116 355 407 2
117 422 484 1
118 274 333 1
119 507 539 3
120 264 316 1
121 510 572 2
122 337 377 2
123 450 506 1
124 436 476 3
125 486 528 2
126 52 119 3
127 334 394 2
128 407 445 3
129 428 471 3
130 200 268 1
131 229 295 3
132 485 528 3
133 458 511 3
134 388 450 2
135 464 512 3
136 112 181 3
137 230 289 2
138 115 147 1
139 334 403 1
140 261 338 2
141 474 542 3
142 328 387 2
143 221 263 2
144 393 441 2
145 314 378 3
146 384 438 3
147 402 443 3
148 301 356 1
149 409 461 1
150 419 466 1
151 433 497 1
152 0 600 2
153 0 600 2
154 0 600 2

[Positions]
60 100
140 100
107 106
158 92
124 105
26 75
119 99
129 113
98 114
111 105
27 74
24 44
129 123
18 27
114 116
181 94
57 52
109 101
196 102
46 44
94 147
161 85
115 112
178 118
141 106
104 138
158 126
99 122
104 128
86 137
11 31
163 122
28 54
49 42
39 60
29 63
165 53
84 131
21 46
79 112
142 100
107 137
104 95
145 124
146 118
51 29
166 81
51 62
112 116
106 105
160 121
32 64
174 94
116 123
90 118
107 128
193 125
89 146
24 68
81 116
31 22
110 95
184 95
20 43
97 93
105 110
190 132
37 55
109 105
105 123
143 99
23 42
114 135
72 115
199 112
72 127
16 60
34 46
45 44
197 113
178 89
22 69
3 60
48 67
81 129
153 125
188 107
184 118
159 107
44 37
39 57
144 98
154 120
93 95
115 124
148 92
40 77
104 118
108 126
166 133
91 131
106 97
47 53
53 53
29 42
13 72
189 95
180 98
170 90
54 40
190 127
19 50
101 128
17 54
37 70
87 102
147 122
76 129
97 113
175 86
87 119
55 46
107 97
79 126
35 32
41 37
33 57
5 59
7 34
188 110
90 113
123 108
145 95
195 125
51 58
156 101
177 103
177 117
30 30
125 104
152 109
41 40
115 115
188 122
171 129
82 108
127 115
10 29
27 77
83 144
165 112
189 125
30 50
100 120
170 110
