[Vehicles]
1 9 0
2 9 1
3 12 0
4 8 1
5 7 0
6 11 1

[Requests]
2 2
3 2
4 1
5 2
6 1
7 2
8 2
9 1
10 1
11 2
12 2
13 2
14 1
15 2
16 3

[Fixed Lines]
32 34 30 60 90 120 150 180 210 240 270 300 330 360 390 420 450 480 510 540 570 |
34 32 30 60 90 120 150 180 210 240 270 300 330 360 390 420 450 480 510 540 570 |
33 34 30 60 90 120 150 180 210 240 270 300 330 360 390 420 450 480 510 540 570 |
34 33 30 60 90 120 150 180 210 240 270 300 330 360 390 420 450 480 510 540 570 |
32 33 30 60 90 120 150 180 210 240 270 300 330 360 390 420 450 480 510 540 570 |
33 32 30 60 90 120 150 180 210 240 270 300 330 360 390 420 450 480 510 540 570 |

[Nodes]
0 0 600 0
1 0 600 0
2 219 257 2
3 247 295 1
4 197 268 2
5 295 365 3
6 196 230 2
7 0 34 1
8 48 94 3
9 72 119 1
10 55 129 3
11 252 319 1
12 134 213 1
13 153 198 1
14 391 461 1
15 319 348 3
16 109 173 1
17 233 306 1
18 449 521 3
19 550 590 2
20 361 409 3
21 534 575 2
22 160 215 2
23 364 412 2
24 231 274 2
25 374 425 2
26 258 312 1
27 493 545 3
28 338 405 3
29 453 504 1
30 513 577 2
31 264 333 3
32 0 600 1
33 0 600 1
34 0 600 1

[Positions]
40 90
170 100
85 18
60 22
71 50
24 10
132 187
39 88
72 44
100 14
60 164
20 42
115 167
105 166
56 118
3 22
108 30
58 29
105 108
173 82
14 50
47 47
56 180
44 97
157 66
166 26
13 45
10 30
122 86
14 102
161 50
56 135
25 30
106 154
178 24
