[Vehicles]
1 12 0
2 11 1
3 14 0
4 8 1
5 9 0
6 10 1
7 11 0
8 8 1

[Requests]
2 2
3 1
4 2
5 2
6 1
7 2
8 1
9 2
10 1
11 2
12 2
13 1
14 3
15 1
16 1
17 1
18 2
19 2
20 3
21 1
22 1
23 1
24 1
25 2
26 2

[Fixed Lines]
52 54 30 60 90 120 150 180 210 240 270 300 330 360 390 420 450 480 510 540 570 |
54 52 30 60 90 120 150 180 210 240 270 300 330 360 390 420 450 480 510 540 570 |
53 54 30 60 90 120 150 180 210 240 270 300 330 360 390 420 450 480 510 540 570 |
54 53 30 60 90 120 150 180 210 240 270 300 330 360 390 420 450 480 510 540 570 |
52 53 30 60 90 120 150 180 210 240 270 300 330 360 390 420 450 480 510 540 570 |
53 52 30 60 90 120 150 180 210 240 270 300 330 360 390 420 450 480 510 540 570 |

[Nodes]
0 0 600 0
1 0 600 0
2 247 295 1
3 49 101 3
4 147 202 1
5 151 216 3
6 156 193 3
7 117 170 3
8 196 230 2
9 132 189 1
10 67 129 3
11 141 193 3
12 48 94 3
13 68 118 1
14 231 289 2
15 37 123 2
16 3 38 1
17 55 129 3
18 252 319 1
19 134 213 1
20 72 125 3
21 113 171 3
22 252 343 1
23 22 60 1
24 70 140 2
25 141 219 3
26 283 354 2
27 449 521 3
28 397 448 3
29 321 371 2
30 272 319 2
31 334 379 1
32 170 227 3
33 534 575 2
34 368 428 3
35 193 263 2
36 288 321 1
37 364 412 2
38 300 354 2
39 472 524 2
40 255 300 2
41 420 486 3
42 374 425 2
43 258 312 1
44 493 545 3
45 154 207 1
46 391 445 2
47 406 455 1
48 67 144 1
49 194 267 2
50 193 261 1
51 363 426 1
52 0 600 1
53 0 600 1
54 0 600 1

[Positions]
40 90
170 100
60 22
173 36
82 189
80 99
137 47
101 17
132 187
148 18
14 20
20 173
72 44
40 140
172 154
178 177
46 72
60 164
20 42
115 167
69 31
94 153
105 144
16 91
77 148
136 3
111 63
105 108
192 180
8 135
6 49
88 43
101 80
47 47
33 52
97 90
118 96
44 97
167 112
28 41
0 199
185 57
166 26
13 45
10 30
92 65
56 124
187 174
12 134
157 193
95 5
53 40
25 30
106 154
178 24
