[Vehicles]
1 10 0
2 10 1
3 8 0
4 8 1
5 11 0
6 12 1
7 13 0
8 10 1
9 9 1
10 8 0
11 7 0
12 9 1

[Requests]
2 1
3 2
4 2
5 1
6 1
7 1
8 2
9 1
10 3
11 1
12 1
13 1
14 2
15 2
16 1
17 1
18 2
19 2
20 2
21 2
22 3
23 1
24 2
25 2
26 2
27 3
28 2
29 1
30 1
31 1
32 1
33 2
34 1
35 2
36 1
37 1
38 1
39 1
40 1
41 3

[Fixed Lines]
82 84 30 60 90 120 150 180 210 240 270 300 330 360 390 420 450 480 510 540 570 |
84 82 30 60 90 120 150 180 210 240 270 300 330 360 390 420 450 480 510 540 570 |
83 84 30 60 90 120 150 180 210 240 270 300 330 360 390 420 450 480 510 540 570 |
84 83 30 60 90 120 150 180 210 240 270 300 330 360 390 420 450 480 510 540 570 |
82 83 30 60 90 120 150 180 210 240 270 300 330 360 390 420 450 480 510 540 570 |
83 82 30 60 90 120 150 180 210 240 270 300 330 360 390 420 450 480 510 540 570 |

[Nodes]
0 0 600 0
1 0 600 0
2 92 149 2
3 247 295 1
4 5 52 1
5 0 65 2
6 78 154 3
7 323 390 2
8 41 85 2
9 349 415 3
10 124 209 2
11 130 180 2
12 156 193 3
13 197 268 2
14 295 365 3
15 132 189 1
16 399 458 2
17 67 129 3
18 0 34 1
19 96 140 3
20 141 193 3
21 63 149 1
22 51 103 1
23 116 175 3
24 301 366 2
25 311 352 2
26 126 170 2
27 0 33 1
28 134 213 1
29 62 120 1
30 252 343 1
31 22 60 1
32 58 106 2
33 153 198 1
34 369 435 3
35 115 149 1
36 100 189 3
37 391 461 1
38 243 295 3
39 64 154 1
40 236 285 2
41 109 173 1
42 440 506 1
43 449 521 3
44 0 58 3
45 332 400 1
46 430 471 2
47 483 518 1
48 465 530 3
49 476 541 2
50 538 594 1
51 147 201 2
52 334 379 1
53 550 590 2
54 361 409 3
55 368 428 3
56 517 547 3
57 193 263 2
58 160 215 2
59 303 394 1
60 288 321 1
61 232 302 1
62 127 194 2
63 373 434 1
64 490 549 2
65 540 599 1
66 370 401 3
67 253 309 1
68 493 545 3
69 509 554 2
70 406 455 1
71 67 144 1
72 478 527 2
73 338 405 3
74 462 530 1
75 204 283 2
76 466 522 2
77 453 504 1
78 340 403 3
79 333 386 3
80 370 418 3
81 264 333 3
82 0 600 1
83 0 600 1
84 0 600 1

[Positions]
40 90
170 100
34 153
60 22
49 73
189 111
82 14
21 129
170 134
142 157
140 1
36 157
137 47
71 50
24 10
148 18
45 159
14 20
39 88
129 29
20 173
25 3
78 31
37 195
6 26
5 141
149 62
32 93
115 167
167 173
105 144
16 91
59 151
105 166
176 181
34 194
35 158
56 118
106 192
123 33
176 169
108 30
153 159
105 108
58 71
29 21
36 159
137 56
155 23
87 100
158 96
62 162
88 43
173 82
14 50
33 52
27 156
97 90
56 180
97 121
118 96
116 107
134 54
140 20
141 94
183 72
106 96
70 128
10 30
168 62
187 174
12 134
84 59
122 86
103 134
74 120
91 119
14 102
144 174
86 128
112 71
56 135
25 30
106 154
178 24
