[Vehicles]
1 12 0
2 13 1
3 11 0
4 10 1
5 9 0
6 11 1
7 13 0
8 11 1
9 10 1
10 9 0
11 8 0
12 8 1
13 9 0
14 11 1
15 10 0
16 10 1

[Requests]
2 1
3 2
4 1
5 1
6 2
7 1
8 2
9 2
10 2
11 1
12 2
13 1
14 2
15 1
16 1
17 1
18 1
19 1
20 3
21 1
22 1
23 2
24 1
25 3
26 1
27 1
28 2
29 2
30 3
31 1
32 2
33 1
34 1
35 1
36 3
37 1
38 1
39 1
40 2
41 2
42 2
43 2
44 1
45 3
46 1
47 1
48 1
49 1
50 1
51 2
52 1
53 1
54 3
55 1
56 1
57 1
58 2
59 1
60 2
61 3

[Fixed Lines]
122 124 30 60 90 120 150 180 210 240 270 300 330 360 390 420 450 480 510 540 570 |
124 122 30 60 90 120 150 180 210 240 270 300 330 360 390 420 450 480 510 540 570 |
123 124 30 60 90 120 150 180 210 240 270 300 330 360 390 420 450 480 510 540 570 |
124 123 30 60 90 120 150 180 210 240 270 300 330 360 390 420 450 480 510 540 570 |
122 123 30 60 90 120 150 180 210 240 270 300 330 360 390 420 450 480 510 540 570 |
123 122 30 60 90 120 150 180 210 240 270 300 330 360 390 420 450 480 510 540 570 |

[Nodes]
0 0 600 0
1 0 600 0
2 92 149 2
3 247 295 1
4 0 78 1
5 196 284 3
6 5 52 1
7 0 65 2
8 301 382 1
9 157 234 3
10 110 154 2
11 49 101 3
12 41 85 2
13 178 258 3
14 263 316 2
15 349 415 3
16 15 96 1
17 130 180 2
18 79 130 2
19 156 193 3
20 0 49 2
21 197 268 2
22 68 126 1
23 295 365 3
24 196 230 2
25 78 125 1
26 399 458 2
27 67 129 3
28 137 190 2
29 96 140 3
30 51 103 1
31 116 175 3
32 48 94 3
33 172 256 3
34 7 84 2
35 72 119 1
36 49 104 2
37 259 332 1
38 3 38 1
39 211 279 3
40 126 170 2
41 24 110 1
42 125 185 1
43 37 67 2
44 213 261 2
45 72 125 3
46 62 120 1
47 252 343 1
48 251 291 3
49 58 106 2
50 104 162 3
51 153 198 1
52 369 435 3
53 275 306 3
54 190 253 2
55 100 189 3
56 70 140 2
57 391 461 1
58 121 195 3
59 199 250 2
60 319 348 3
61 109 173 1
62 440 506 1
63 449 521 3
64 407 465 3
65 232 273 3
66 0 58 3
67 332 400 1
68 458 535 3
69 461 529 1
70 446 522 1
71 397 448 3
72 465 530 3
73 518 563 3
74 401 450 1
75 476 541 2
76 374 432 3
77 147 201 2
78 352 388 3
79 334 379 1
80 490 552 2
81 550 590 2
82 462 506 3
83 361 409 3
84 534 575 2
85 431 505 3
86 517 547 3
87 193 263 2
88 432 485 2
89 303 394 1
90 127 194 2
91 373 434 1
92 364 412 2
93 448 512 3
94 281 341 2
95 231 274 2
96 446 500 1
97 394 462 1
98 420 486 3
99 304 358 1
100 370 401 3
101 368 399 1
102 417 461 2
103 312 384 2
104 334 395 2
105 154 207 1
106 509 554 2
107 406 455 1
108 546 600 3
109 478 527 2
110 266 311 2
111 338 405 3
112 462 530 1
113 478 533 2
114 434 497 2
115 466 522 2
116 194 267 2
117 453 504 1
118 301 370 3
119 447 505 3
120 513 577 2
121 264 333 3
122 0 600 1
123 0 600 1
124 0 600 1

[Positions]
40 90
170 100
34 153
60 22
37 120
62 77
49 73
189 111
128 168
197 4
105 171
173 36
170 134
52 174
196 188
142 157
182 53
36 157
72 154
137 47
182 94
71 50
170 111
24 10
132 187
129 118
45 159
14 20
59 25
129 29
78 31
37 195
72 44
168 26
20 52
100 14
85 45
128 183
46 72
73 111
149 62
178 47
96 129
187 135
108 98
69 31
167 173
105 144
110 197
59 151
66 156
105 166
176 181
77 36
92 75
35 158
77 148
56 118
64 31
78 198
3 22
108 30
153 159
105 108
137 12
58 64
58 71
29 21
147 140
3 185
2 99
192 180
155 23
178 66
187 62
87 100
170 179
62 162
183 117
88 43
136 96
173 82
168 137
14 50
47 47
127 7
27 156
97 90
149 160
97 121
134 54
140 20
44 97
25 73
174 114
157 66
34 196
106 175
185 57
142 75
106 96
156 197
112 23
120 59
40 123
92 65
168 62
187 174
68 67
84 59
199 197
122 86
103 134
178 119
145 149
91 119
157 193
14 102
173 119
93 128
161 50
56 135
25 30
106 154
178 24
