[Vehicles]
1 20 0
2 20 0
3 20 1
4 20 1
5 20 1
6 19 0
7 19 1
8 18 0
9 18 1
10 18 0
11 17 0
12 17 1
13 17 0
14 17 1
15 17 1
16 17 0
17 16 1
18 16 0
19 16 0
20 16 1

[Requests]
2 1
3 2
4 2
5 1
6 1
7 2
8 1
9 1
10 1
11 2
12 1
13 2
14 2
15 1
16 1
17 2
18 1
19 2
20 2
21 1
22 3
23 1
24 2
25 1
26 1
27 1
28 3
29 1
30 1
31 2
32 3
33 2
34 1
35 2
36 3
37 2
38 1
39 1
40 1
41 2
42 2
43 3
44 2
45 2
46 1
47 2
48 3
49 1
50 2
51 1
52 1
53 1
54 2
55 3
56 1
57 1
58 1
59 3
60 1
61 1
62 1
63 2
64 1
65 2
66 2
67 2
68 1
69 3
70 2
71 2
72 1
73 2
74 3
75 1
76 1

[Fixed Lines]
152 154 30 60 90 120 150 180 210 240 270 300 330 360 390 420 450 480 510 540 570 |
154 152 30 60 90 120 150 180 210 240 270 300 330 360 390 420 450 480 510 540 570 |
153 154 30 60 90 120 150 180 210 240 270 300 330 360 390 420 450 480 510 540 570 |
154 153 30 60 90 120 150 180 210 240 270 300 330 360 390 420 450 480 510 540 570 |
152 153 30 60 90 120 150 180 210 240 270 300 330 360 390 420 450 480 510 540 570 |
153 152 30 60 90 120 150 180 210 240 270 300 330 360 390 420 450 480 510 540 570 |

[Nodes]
0 0 600 0
1 0 600 0
2 92 149 2
3 219 257 2
4 247 295 1
5 0 78 1
6 196 284 3
7 5 52 1
8 161 213 2
9 0 65 2
10 117 194 1
11 301 382 1
12 78 154 3
13 157 234 3
14 110 154 2
15 49 101 3
16 323 390 2
17 41 85 2
18 178 258 3
19 147 202 1
20 263 316 2
21 349 415 3
22 124 209 2
23 15 96 1
24 151 216 3
25 130 180 2
26 79 130 2
27 156 193 3
28 0 49 2
29 197 268 2
30 68 126 1
31 117 170 3
32 165 204 3
33 295 365 3
34 196 230 2
35 132 189 1
36 78 125 1
37 30 62 1
38 399 458 2
39 67 129 3
40 36 106 2
41 0 34 1
42 137 190 2
43 0 63 1
44 96 140 3
45 141 193 3
46 59 132 2
47 63 149 1
48 51 103 1
49 116 175 3
50 48 94 3
51 68 118 1
52 172 256 3
53 7 84 2
54 301 366 2
55 231 289 2
56 178 239 2
57 37 123 2
58 72 119 1
59 49 104 2
60 259 332 1
61 3 38 1
62 252 292 2
63 311 352 2
64 211 279 3
65 126 170 2
66 24 110 1
67 125 185 1
68 55 129 3
69 0 33 1
70 37 67 2
71 252 319 1
72 213 261 2
73 134 213 1
74 72 125 3
75 62 120 1
76 113 171 3
77 440 506 1
78 233 306 1
79 449 521 3
80 407 465 3
81 232 273 3
82 0 58 3
83 371 424 2
84 332 400 1
85 421 469 3
86 458 535 3
87 430 471 2
88 461 529 1
89 446 522 1
90 397 448 3
91 483 518 1
92 465 530 3
93 518 563 3
94 321 371 2
95 401 450 1
96 476 541 2
97 538 594 1
98 374 432 3
99 272 319 2
100 147 201 2
101 352 388 3
102 334 379 1
103 490 552 2
104 550 590 2
105 462 506 3
106 170 227 3
107 407 458 1
108 361 409 3
109 534 575 2
110 368 428 3
111 431 505 3
112 269 316 1
113 517 547 3
114 193 263 2
115 283 332 1
116 160 215 2
117 432 485 2
118 345 400 1
119 303 394 1
120 288 321 1
121 262 301 3
122 232 302 1
123 127 194 2
124 373 434 1
125 364 412 2
126 300 354 2
127 448 512 3
128 281 341 2
129 490 549 2
130 472 524 2
131 253 286 3
132 255 300 2
133 231 274 2
134 446 500 1
135 394 462 1
136 420 486 3
137 351 393 2
138 540 599 1
139 304 358 1
140 370 401 3
141 368 399 1
142 417 461 2
143 374 425 2
144 253 309 1
145 312 384 2
146 258 312 1
147 334 395 2
148 493 545 3
149 154 207 1
150 509 554 2
151 391 445 2
152 0 600 1
153 0 600 1
154 0 600 1

[Positions]
40 90
170 100
34 153
85 18
60 22
37 120
62 77
49 73
81 91
189 111
133 46
128 168
82 14
197 4
105 171
173 36
21 129
170 134
52 174
82 189
196 188
142 157
140 1
182 53
80 99
36 157
72 154
137 47
182 94
71 50
170 111
101 17
99 196
24 10
132 187
148 18
129 118
199 93
45 159
14 20
18 154
39 88
59 25
17 66
129 29
20 173
168 31
25 3
78 31
37 195
72 44
40 140
168 26
20 52
6 26
172 154
146 115
178 177
100 14
85 45
128 183
46 72
153 87
5 141
73 111
149 62
178 47
96 129
60 164
32 93
187 135
20 42
108 98
115 167
69 31
167 173
94 153
153 159
58 29
105 108
137 12
58 64
58 71
73 34
29 21
15 54
147 140
36 159
3 185
2 99
192 180
137 56
155 23
178 66
8 135
187 62
87 100
158 96
170 179
6 49
62 162
183 117
88 43
136 96
173 82
168 137
101 80
194 70
14 50
47 47
33 52
127 7
50 15
27 156
97 90
170 120
56 180
149 160
193 167
97 121
118 96
97 147
116 107
134 54
140 20
44 97
167 112
25 73
174 114
141 94
28 41
89 138
0 199
157 66
34 196
106 175
185 57
73 46
183 72
142 75
106 96
156 197
112 23
166 26
70 128
120 59
13 45
40 123
10 30
92 65
168 62
56 124
25 30
106 154
178 24
