[Vehicles]
1 20 0
2 20 0
3 20 1
4 20 1

[Requests]
2 1
3 2
4 2
5 1
6 1
7 2
8 1
9 1

[Fixed Lines]
18 20 30 60 90 120 150 180 210 240 270 300 330 360 390 420 450 480 510 540 570 |
20 18 30 60 90 120 150 180 210 240 270 300 330 360 390 420 450 480 510 540 570 |
19 20 30 60 90 120 150 180 210 240 270 300 330 360 390 420 450 480 510 540 570 |
20 19 30 60 90 120 150 180 210 240 270 300 330 360 390 420 450 480 510 540 570 |
18 19 30 60 90 120 150 180 210 240 270 300 330 360 390 420 450 480 510 540 570 |
19 18 30 60 90 120 150 180 210 240 270 300 330 360 390 420 450 480 510 540 570 |

[Nodes]
0 0 600 0
1 0 600 0
2 92 149 2
3 219 257 2
4 247 295 1
5 0 78 1
6 196 284 3
7 5 52 1
8 161 213 2
9 0 65 2
10 440 506 1
11 233 306 1
12 449 521 3
13 407 465 3
14 232 273 3
15 0 58 3
16 371 424 2
17 332 400 1
18 0 600 1
19 0 600 1
20 0 600 1

[Positions]
40 90
170 100
34 153
85 18
60 22
37 120
62 77
49 73
81 91
189 111
153 159
58 29
105 108
137 12
58 64
58 71
73 34
29 21
25 30
106 154
178 24
