[Vehicles]
1 13 1
2 8 0
3 6 0
4 13 1
5 12 0
6 11 0
7 8 1
8 9 1

[Requests]
2 1
3 1
4 1
5 3
6 1
7 1
8 2
9 2
10 1
11 1
12 1
13 1
14 3
15 2
16 1
17 1
18 3
19 1
20 1
21 2
22 1
23 1
24 1
25 2
26 1

[Fixed Lines]
52 54 30 60 90 120 150 180 210 240 270 300 330 360 390 420 450 480 510 540 570 |
54 52 30 60 90 120 150 180 210 240 270 300 330 360 390 420 450 480 510 540 570 |
53 54 30 60 90 120 150 180 210 240 270 300 330 360 390 420 450 480 510 540 570 |
54 53 30 60 90 120 150 180 210 240 270 300 330 360 390 420 450 480 510 540 570 |
52 53 30 60 90 120 150 180 210 240 270 300 330 360 390 420 450 480 510 540 570 |
53 52 30 60 90 120 150 180 210 240 270 300 330 360 390 420 450 480 510 540 570 |

[Nodes]
0 0 600 0
1 0 600 0
2 252 306 2
3 353 384 1
4 141 187 3
5 48 107 2
6 264 317 1
7 53 115 3
8 154 207 3
9 76 133 1
10 118 197 3
11 197 262 3
12 53 106 1
13 4 36 2
14 50 89 1
15 12 61 2
16 160 213 3
17 106 173 3
18 114 156 1
19 261 330 1
20 340 398 3
21 51 109 2
22 16 84 1
23 88 137 2
24 61 118 3
25 154 238 1
26 179 236 1
27 496 561 1
28 419 506 1
29 439 516 2
30 353 426 2
31 472 551 2
32 392 460 2
33 336 403 1
34 509 579 2
35 226 279 1
36 315 367 3
37 331 407 3
38 133 198 1
39 225 298 2
40 339 395 2
41 285 353 3
42 425 484 3
43 465 536 3
44 486 555 1
45 385 446 3
46 364 417 3
47 420 496 2
48 294 361 1
49 551 600 2
50 393 436 3
51 207 281 1
52 0 600 2
53 0 600 2
54 0 600 2

[Positions]
30 100
160 90
170 7
114 53
96 184
142 149
76 66
135 163
192 61
93 126
180 84
102 135
34 117
29 81
30 160
35 125
151 5
193 7
162 79
80 60
138 193
23 180
23 146
181 27
185 45
81 71
77 60
26 55
46 28
17 14
47 125
199 29
47 111
137 190
181 84
191 6
124 65
144 71
93 185
82 112
120 50
121 108
97 168
25 27
186 39
178 153
105 47
110 133
158 184
151 110
176 159
68 25
20 20
100 160
180 20
