[Vehicles]
1 11 1
2 8 0
3 6 0
4 12 0
5 11 0
6 10 0
7 7 1
8 9 1
9 8 0
10 11 0
11 12 1
12 18 1

[Requests]
2 2
3 1
4 2
5 1
6 1
7 2
8 2
9 1
10 1
11 2
12 3
13 1
14 1
15 2
16 1
17 1
18 2
19 2
20 1
21 2
22 3
23 1
24 2
25 1
26 3
27 1
28 1
29 2
30 3
31 2
32 1
33 1
34 1
35 2
36 1
37 3
38 1
39 2
40 1
41 1

[Fixed Lines]
82 84 30 60 90 120 150 180 210 240 270 300 330 360 390 420 450 480 510 540 570 |
84 82 30 60 90 120 150 180 210 240 270 300 330 360 390 420 450 480 510 540 570 |
83 84 30 60 90 120 150 180 210 240 270 300 330 360 390 420 450 480 510 540 570 |
84 83 30 60 90 120 150 180 210 240 270 300 330 360 390 420 450 480 510 540 570 |
82 83 30 60 90 120 150 180 210 240 270 300 330 360 390 420 450 480 510 540 570 |
83 82 30 60 90 120 150 180 210 240 270 300 330 360 390 420 450 480 510 540 570 |

[Nodes]
0 0 600 0
1 0 600 0
2 57 91 1
3 252 306 2
4 102 141 3
5 60 102 2
6 267 309 1
7 38 79 1
8 300 342 1
9 191 252 3
10 121 182 1
11 226 282 1
12 61 100 2
13 264 317 1
14 174 225 2
15 71 105 2
16 32 73 3
17 130 165 1
18 35 65 2
19 76 133 1
20 118 197 3
21 496 556 2
22 94 139 2
23 19 49 2
24 252 327 3
25 118 164 2
26 100 148 2
27 66 102 2
28 17 48 2
29 185 259 2
30 77 108 3
31 80 110 2
32 337 372 2
33 126 161 3
34 46 84 1
35 108 154 2
36 117 152 1
37 275 334 3
38 61 118 3
39 154 238 1
40 220 270 2
41 179 236 1
42 508 540 3
43 496 531 1
44 369 414 2
45 456 510 1
46 265 324 1
47 181 233 2
48 467 505 1
49 283 359 3
50 241 306 3
51 303 368 2
52 353 426 2
53 472 511 2
54 185 244 1
55 462 534 3
56 479 543 2
57 545 575 3
58 341 408 2
59 509 549 2
60 226 279 1
61 510 545 1
62 310 370 3
63 133 198 1
64 474 507 2
65 498 539 3
66 410 441 1
67 455 495 2
68 511 546 1
69 281 338 1
70 253 299 1
71 364 417 3
72 379 446 3
73 469 498 2
74 420 496 2
75 397 475 3
76 144 207 2
77 330 404 3
78 546 576 2
79 393 436 3
80 430 498 2
81 207 281 1
82 0 600 2
83 0 600 2
84 0 600 2

[Positions]
30 100
160 90
48 153
170 7
35 46
117 132
145 123
161 52
145 175
91 137
107 87
21 32
142 149
76 66
84 166
80 49
143 118
127 17
36 65
93 126
180 84
109 90
24 165
29 81
141 104
64 0
145 189
124 146
169 75
69 22
93 51
23 180
105 101
89 174
23 146
32 139
101 95
146 21
185 45
81 71
96 198
77 60
23 53
26 55
162 168
138 90
149 138
192 72
190 92
124 77
68 1
35 31
47 125
199 29
95 166
186 92
171 67
43 82
168 166
181 84
191 6
118 86
134 81
93 185
40 159
104 113
47 101
188 14
113 111
128 31
137 116
105 47
69 58
193 10
110 133
61 65
88 91
113 43
151 110
176 159
80 108
68 25
20 20
100 160
180 20
