[Vehicles]
1 7 2
2 7 2
3 6 0
4 5 2
5 9 1
6 9 0
7 5 2
8 8 2
9 5 0
10 7 2
11 8 1
12 6 0
13 9 2
14 6 0
15 9 2

[Requests]
3 2
4 1
5 2
6 2
7 1
8 1
9 2
10 2
11 1
12 1
13 1
14 2
15 1
16 1
17 1
18 1
19 1
20 1
21 2
22 1
23 1
24 1
25 1
26 2
27 2
28 1
29 2
30 1
31 1
32 1
33 2
34 2
35 1
36 1
37 1
38 2
39 1
40 1
41 2
42 2
43 2
44 1
45 2
46 2
47 2
48 2
49 2
50 1
51 2
52 1
53 1
54 2
55 1
56 2
57 1
58 1
59 1
60 2
61 2
62 1
63 2
64 1
65 1
66 1
67 1
68 1
69 2
70 1
71 2
72 2
73 2
74 1
75 1
76 2
77 2
78 2
79 1
80 1
81 2
82 2
83 1
84 1
85 1
86 2
87 2
88 2
89 2
90 2
91 1
92 1
93 1
94 2
95 2
96 1
97 2
98 2
99 1
100 1
101 2
102 2

[Fixed lines]
203 204 30 60 90 120 150 180 210 240 270 300 330 360 390 420 450 480 510 540 570 |
204 203 30 60 90 120 150 180 210 240 270 300 330 360 390 420 450 480 510 540 570 |
204 205 30 60 90 120 150 180 210 240 270 300 330 360 390 420 450 480 510 540 570 |
205 204 30 60 90 120 150 180 210 240 270 300 330 360 390 420 450 480 510 540 570 |
205 206 30 60 90 120 150 180 210 240 270 300 330 360 390 420 450 480 510 540 570 |
205 207 30 60 90 120 150 180 210 240 270 300 330 360 390 420 450 480 510 540 570 |
206 205 30 60 90 120 150 180 210 240 270 300 330 360 390 420 450 480 510 540 570 |
207 205 30 60 90 120 150 180 210 240 270 300 330 360 390 420 450 480 510 540 570 |


[Nodes]
0 0 600 0 
1 0 600 0 
2 0 600 0 
3 295 337 1
4 387 461 1
5 371 427 3
6 106 164 1
7 246 298 2
8 424 500 2
9 509 587 2
10 202 248 2
11 214 256 3
12 11 89 2
13 494 562 2
14 0 41 2
15 406 452 1
16 385 447 3
17 77 151 3
18 277 327 3
19 318 394 3
20 303 369 3
21 301 369 2
22 286 334 1
23 403 443 3
24 308 386 1
25 367 445 3
26 431 487 1
27 0 49 1
28 8 78 1
29 98 168 1
30 0 34 2
31 240 310 3
32 472 550 2
33 461 509 3
34 472 542 3
35 304 356 1
36 351 421 3
37 204 268 1
38 515 557 3
39 260 318 3
40 63 121 2
41 395 437 2
42 466 506 2
43 349 407 2
44 337 403 2
45 217 287 1
46 500 556 2
47 415 469 3
48 356 410 2
49 0 40 1
50 257 307 1
51 22 64 2
52 312 374 1
53 397 451 3
54 255 317 2
55 286 330 1
56 273 351 2
57 0 40 1
58 475 531 1
59 182 242 2
60 491 555 2
61 0 39 2
62 373 419 3
63 373 429 2
64 368 444 1
65 400 454 2
66 266 322 2
67 331 401 3
68 274 318 3
69 287 327 2
70 382 440 3
71 90 162 3
72 303 365 1
73 434 506 1
74 466 530 2
75 521 573 2
76 320 370 1
77 338 382 1
78 81 141 1
79 344 386 1
80 242 288 2
81 379 457 3
82 413 487 1
83 179 229 1
84 352 406 2
85 449 495 3
86 391 457 1
87 408 454 1
88 202 242 1
89 384 436 1
90 490 550 3
91 276 328 3
92 227 297 3
93 173 249 1
94 486 552 1
95 249 289 1
96 316 364 1
97 60 102 1
98 331 371 3
99 102 158 3
100 446 510 3
101 102 152 3
102 365 415 3
103 441 481 2
104 480 536 2
105 463 503 2
106 464 542 3
107 351 397 3
108 493 567 1
109 522 584 1
110 302 354 2
111 471 521 3
112 287 349 1
113 538 584 3
114 382 448 3
115 427 475 2
116 439 481 2
117 329 405 2
118 292 342 1
119 420 490 2
120 408 484 2
121 403 443 2
122 284 362 1
123 474 518 3
124 445 521 2
125 489 565 1
126 495 565 2
127 478 550 2
128 454 522 1
129 404 454 1
130 452 518 2
131 408 482 3
132 563 600 1
133 541 587 3
134 523 591 2
135 333 373 1
136 471 517 3
137 338 390 3
138 554 600 1
139 515 591 1
140 472 550 1
141 465 519 1
142 558 600 2
143 401 467 3
144 370 414 1
145 226 302 2
146 536 600 2
147 537 600 1
148 469 535 3
149 203 253 1
150 456 512 3
151 335 375 1
152 464 536 3
153 521 567 3
154 377 453 1
155 475 515 2
156 336 392 1
157 561 600 2
158 549 600 3
159 380 432 3
160 562 600 2
161 123 163 3
162 454 518 2
163 413 463 2
164 438 514 2
165 511 565 1
166 397 437 2
167 380 428 1
168 516 574 3
169 477 545 1
170 500 560 2
171 212 254 1
172 372 448 2
173 561 600 3
174 559 600 1
175 558 600 1
176 350 398 3
177 408 480 3
178 356 396 2
179 512 554 2
180 431 501 1
181 528 600 2
182 471 529 3
183 352 392 3
184 489 559 2
185 478 518 3
186 544 600 3
187 430 488 1
188 414 464 2
189 495 569 1
190 536 586 2
191 348 404 3
192 397 471 3
193 493 551 3
194 557 600 3
195 387 429 2
196 368 418 3
197 306 352 2
198 417 461 3
199 196 246 3
200 487 555 2
201 274 336 2
202 476 544 2
203 0 600 2 
204 0 600 2 
205 0 600 2 
206 0 600 2 
207 0 600 2 

[Positions]
25 48
48 25
15 5
56 43
30 28
57 53
50 12
53 53
35 35
28 19
58 11
59 4
5 8
27 33
53 25
27 30
24 23
25 0
35 44
10 26
56 31
13 2
33 39
53 45
24 35
3 31
56 23
23 45
33 49
30 9
26 53
3 17
53 37
50 48
28 57
13 6
11 20
31 32
46 21
28 53
18 24
5 31
50 18
50 2
39 53
8 39
10 51
30 40
48 54
21 4
25 55
0 7
59 25
32 30
0 26
31 48
23 33
25 51
10 41
56 21
10 10
17 4
12 27
15 17
44 35
2 46
37 39
3 25
32 52
34 41
31 20
28 9
41 59
49 58
11 45
36 30
21 1
26 6
20 42
27 10
2 10
0 42
46 44
55 27
9 54
51 15
44 49
4 48
57 12
13 39
33 40
34 49
48 48
32 15
20 31
14 50
21 33
25 18
33 43
28 8
42 4
15 37
41 5
13 24
0 16
39 3
28 43
9 57
46 24
24 19
37 31
55 50
35 23
20 16
58 44
13 32
49 49
13 58
28 35
49 46
12 34
2 44
23 36
49 2
51 19
9 10
47 30
59 8
18 44
17 28
6 10
52 35
16 9
22 16
12 24
28 0
31 59
14 57
18 13
32 32
2 15
55 51
19 4
28 36
55 57
10 49
15 11
44 40
52 1
7 17
38 58
36 41
17 48
43 49
48 42
0 5
40 32
16 5
27 1
59 50
16 7
17 50
21 47
37 38
50 14
30 27
36 25
16 18
54 15
26 52
40 42
31 30
2 29
6 0
21 2
25 5
27 16
7 58
43 52
29 30
53 18
20 13
31 56
3 22
44 33
58 22
27 6
20 53
50 38
26 51
54 38
4 21
19 29
49 30
25 4
41 30
13 23
59 32
54 32
37 21
56 5
46 40
31 47
20 44
44 20
30 38
42 30
10 10
