[Vehicles]
1 12 0
2 6 1
3 6 1
4 13 1
5 12 1
6 11 1
7 7 0
8 9 0

[Requests]
2 1
3 1
4 1
5 2
6 1
7 1
8 2
9 1
10 3
11 1
12 1
13 1
14 2
15 1
16 2
17 2
18 2
19 3
20 3
21 2

[Fixed Lines]
42 44 30 60 90 120 150 180 210 240 270 300 330 360 390 420 450 480 510 540 570 |
44 42 30 60 90 120 150 180 210 240 270 300 330 360 390 420 450 480 510 540 570 |
43 44 30 60 90 120 150 180 210 240 270 300 330 360 390 420 450 480 510 540 570 |
44 43 30 60 90 120 150 180 210 240 270 300 330 360 390 420 450 480 510 540 570 |
42 43 30 60 90 120 150 180 210 240 270 300 330 360 390 420 450 480 510 540 570 |
43 42 30 60 90 120 150 180 210 240 270 300 330 360 390 420 450 480 510 540 570 |

[Nodes]
0 0 600 0
1 0 600 0
2 311 390 3
3 234 298 3
4 399 451 2
5 154 217 3
6 274 339 2
7 164 214 2
8 169 221 2
9 217 282 3
10 332 399 1
11 108 162 1
12 252 290 1
13 90 126 1
14 180 233 2
15 36 96 1
16 110 151 2
17 95 139 2
18 61 114 2
19 19 72 2
20 174 231 1
21 114 155 1
22 389 467 2
23 467 533 2
24 397 445 1
25 280 322 2
26 456 492 1
27 476 544 2
28 450 508 1
29 309 356 1
30 450 506 1
31 407 445 3
32 485 528 3
33 115 147 1
34 328 387 2
35 221 263 2
36 314 378 3
37 384 438 3
38 438 467 1
39 311 366 1
40 251 322 2
41 145 184 1
42 0 600 2
43 0 600 2
44 0 600 2

[Positions]
60 100
140 100
129 123
94 147
104 138
158 126
86 137
163 122
29 63
79 112
112 116
116 123
89 146
20 43
37 55
109 105
143 99
23 42
151 102
95 121
37 64
124 115
184 118
148 92
91 131
106 97
29 42
189 95
190 127
37 70
79 126
7 34
145 95
30 30
115 115
188 122
82 108
127 115
38 30
4 54
85 113
110 137
30 50
100 120
170 110
