[Vehicles]
1 20 0
2 19 0
3 19 1
4 18 1
5 17 1
6 17 1
7 17 0
8 17 0
9 17 0
10 17 1
11 16 1
12 16 1

[Requests]
2 1
3 2
4 1
5 2
6 1
7 1
8 1
9 2
10 2
11 1
12 1
13 1
14 1
15 1
16 2
17 2
18 2
19 2
20 1
21 1
22 2
23 1
24 1
25 1
26 2
27 1
28 1
29 1
30 2
31 1
32 2
33 1
34 1
35 2
36 1
37 2
38 1
39 1
40 2
41 2
42 2
43 1
44 2
45 2
46 1
47 2
48 3
49 1
50 2
51 1

[Fixed Lines]
102 104 30 60 90 120 150 180 210 240 270 300 330 360 390 420 450 480 510 540 570 |
104 102 30 60 90 120 150 180 210 240 270 300 330 360 390 420 450 480 510 540 570 |
103 104 30 60 90 120 150 180 210 240 270 300 330 360 390 420 450 480 510 540 570 |
104 103 30 60 90 120 150 180 210 240 270 300 330 360 390 420 450 480 510 540 570 |
102 103 30 60 90 120 150 180 210 240 270 300 330 360 390 420 450 480 510 540 570 |
103 102 30 60 90 120 150 180 210 240 270 300 330 360 390 420 450 480 510 540 570 |

[Nodes]
0 0 600 0
1 0 600 0
2 243 288 3
3 47 103 1
4 15 44 2
5 167 201 2
6 0 54 3
7 103 149 3
8 263 307 2
9 230 288 3
10 189 251 2
11 102 149 3
12 311 390 3
13 134 196 1
14 103 148 1
15 79 146 3
16 23 96 2
17 330 383 3
18 195 244 3
19 108 175 3
20 234 298 3
21 6 51 2
22 324 365 3
23 217 270 2
24 347 406 3
25 399 451 2
26 154 217 3
27 172 227 2
28 144 200 2
29 274 339 2
30 155 203 2
31 164 214 2
32 146 199 1
33 45 84 2
34 179 232 3
35 169 221 2
36 37 83 1
37 206 272 2
38 120 171 3
39 217 282 3
40 93 158 2
41 272 338 2
42 39 86 2
43 168 249 3
44 359 409 1
45 51 115 3
46 79 122 1
47 253 314 3
48 332 399 1
49 213 271 2
50 152 228 1
51 59 119 2
52 399 432 1
53 340 378 2
54 497 573 3
55 430 479 3
56 181 241 2
57 320 370 3
58 400 448 3
59 301 348 1
60 372 438 1
61 419 480 3
62 389 467 2
63 454 513 2
64 316 379 3
65 300 369 1
66 487 542 3
67 382 449 2
68 406 458 3
69 297 355 2
70 467 533 2
71 293 334 2
72 334 403 3
73 372 436 2
74 404 435 2
75 397 445 1
76 280 322 2
77 482 537 1
78 336 394 3
79 456 492 1
80 215 256 1
81 476 544 2
82 463 520 2
83 459 499 2
84 489 562 2
85 450 508 1
86 361 395 1
87 313 362 2
88 137 178 1
89 309 356 1
90 403 456 1
91 355 407 2
92 422 484 1
93 274 333 1
94 507 539 3
95 264 316 1
96 510 572 2
97 337 377 2
98 450 506 1
99 436 476 3
100 486 528 2
101 52 119 3
102 0 600 2
103 0 600 2
104 0 600 2

[Positions]
60 100
140 100
107 106
158 92
124 105
26 75
119 99
129 113
98 114
111 105
27 74
24 44
129 123
18 27
114 116
181 94
57 52
109 101
196 102
46 44
94 147
161 85
115 112
178 118
141 106
104 138
158 126
99 122
104 128
86 137
11 31
163 122
28 54
49 42
39 60
29 63
165 53
84 131
21 46
79 112
142 100
107 137
104 95
145 124
146 118
51 29
166 81
51 62
112 116
106 105
160 121
32 64
34 46
45 44
197 113
178 89
22 69
3 60
48 67
81 129
153 125
188 107
184 118
159 107
44 37
39 57
144 98
154 120
93 95
115 124
148 92
40 77
104 118
108 126
166 133
91 131
106 97
47 53
53 53
29 42
13 72
189 95
180 98
170 90
54 40
190 127
19 50
101 128
17 54
37 70
87 102
147 122
76 129
97 113
175 86
87 119
55 46
107 97
79 126
35 32
41 37
33 57
30 50
100 120
170 110
