[Vehicles]
1 20 0
2 19 0
3 19 1
4 18 1

[Requests]
2 1
3 2
4 1
5 2
6 1
7 1

[Fixed Lines]
14 16 30 60 90 120 150 180 210 240 270 300 330 360 390 420 450 480 510 540 570 |
16 14 30 60 90 120 150 180 210 240 270 300 330 360 390 420 450 480 510 540 570 |
15 16 30 60 90 120 150 180 210 240 270 300 330 360 390 420 450 480 510 540 570 |
16 15 30 60 90 120 150 180 210 240 270 300 330 360 390 420 450 480 510 540 570 |
14 15 30 60 90 120 150 180 210 240 270 300 330 360 390 420 450 480 510 540 570 |
15 14 30 60 90 120 150 180 210 240 270 300 330 360 390 420 450 480 510 540 570 |

[Nodes]
0 0 600 0
1 0 600 0
2 243 288 3
3 47 103 1
4 15 44 2
5 167 201 2
6 0 54 3
7 103 149 3
8 399 432 1
9 340 378 2
10 497 573 3
11 430 479 3
12 181 241 2
13 320 370 3
14 0 600 2
15 0 600 2
16 0 600 2

[Positions]
60 100
140 100
107 106
158 92
124 105
26 75
119 99
129 113
34 46
45 44
197 113
178 89
22 69
3 60
30 50
100 120
170 110
