[Vehicles]
1 11 1
2 11 0
3 10 1
4 10 0
5 9 1
6 9 0
7 10 1
8 8 0

[Requests]
2 1
3 2
4 1
5 1
6 3
7 3
8 1
9 3
10 1
11 2
12 1
13 3
14 1
15 2
16 1
17 1
18 1
19 1
20 3
21 2

[Fixed Lines]
42 44 30 60 90 120 150 180 210 240 270 300 330 360 390 420 450 480 510 540 570 |
44 42 30 60 90 120 150 180 210 240 270 300 330 360 390 420 450 480 510 540 570 |
43 44 30 60 90 120 150 180 210 240 270 300 330 360 390 420 450 480 510 540 570 |
44 43 30 60 90 120 150 180 210 240 270 300 330 360 390 420 450 480 510 540 570 |
42 43 30 60 90 120 150 180 210 240 270 300 330 360 390 420 450 480 510 540 570 |
43 42 30 60 90 120 150 180 210 240 270 300 330 360 390 420 450 480 510 540 570 |

[Nodes]
0 0 600 0
1 0 600 0
2 117 194 1
3 110 154 2
4 323 390 2
5 178 258 3
6 124 209 2
7 78 125 1
8 59 132 2
9 51 103 1
10 68 118 1
11 301 366 2
12 37 123 2
13 49 104 2
14 3 38 1
15 37 67 2
16 62 120 1
17 113 171 3
18 251 291 3
19 197 257 1
20 190 253 2
21 141 219 3
22 421 469 3
23 446 522 1
24 483 518 1
25 518 563 3
26 538 594 1
27 431 505 3
28 262 301 3
29 127 194 2
30 300 354 2
31 490 549 2
32 255 300 2
33 446 500 1
34 420 486 3
35 312 384 2
36 509 554 2
37 391 445 2
38 546 600 3
39 271 327 2
40 434 497 2
41 193 261 1
42 0 600 1
43 0 600 1
44 0 600 1

[Positions]
40 90
170 100
133 46
105 171
21 129
52 174
140 1
129 118
168 31
78 31
40 140
6 26
178 177
85 45
46 72
187 135
167 173
94 153
110 197
128 103
92 75
136 3
15 54
2 99
137 56
178 66
158 96
127 7
97 147
134 54
167 112
141 94
0 199
34 196
185 57
120 59
168 62
56 124
68 67
104 145
145 149
95 5
25 30
106 154
178 24
