[Vehicles]
1 10 1
2 11 0
3 10 1
4 11 0
5 12 1
6 13 0
7 9 1
8 9 0
9 8 0
10 11 1
11 10 1
12 9 0
13 10 1
14 10 0

[Requests]
2 2
3 1
4 1
5 1
6 1
7 2
8 1
9 1
10 1
11 2
12 3
13 1
14 1
15 1
16 3
17 1
18 1
19 3
20 2
21 1
22 1
23 1
24 2
25 2
26 1
27 1
28 1
29 2
30 1
31 1
32 1
33 2
34 2
35 2
36 1
37 3
38 2
39 3
40 1
41 1
42 1
43 1
44 2
45 1
46 1
47 2
48 2
49 1
50 3
51 2

[Fixed Lines]
102 104 30 60 90 120 150 180 210 240 270 300 330 360 390 420 450 480 510 540 570 |
104 102 30 60 90 120 150 180 210 240 270 300 330 360 390 420 450 480 510 540 570 |
103 104 30 60 90 120 150 180 210 240 270 300 330 360 390 420 450 480 510 540 570 |
104 103 30 60 90 120 150 180 210 240 270 300 330 360 390 420 450 480 510 540 570 |
102 103 30 60 90 120 150 180 210 240 270 300 330 360 390 420 450 480 510 540 570 |
103 102 30 60 90 120 150 180 210 240 270 300 330 360 390 420 450 480 510 540 570 |

[Nodes]
0 0 600 0
1 0 600 0
2 219 257 2
3 30 78 1
4 161 203 2
5 21 65 2
6 86 134 3
7 110 154 2
8 64 101 3
9 323 370 2
10 178 228 3
11 263 306 2
12 124 209 2
13 130 180 2
14 79 120 2
15 156 193 3
16 13 49 2
17 197 248 2
18 68 116 1
19 165 204 3
20 30 62 1
21 399 448 2
22 74 119 3
23 67 106 2
24 137 190 2
25 96 140 3
26 69 112 2
27 68 118 1
28 42 84 2
29 301 346 2
30 178 229 2
31 77 113 2
32 18 58 1
33 311 352 2
34 126 170 2
35 125 165 1
36 76 119 3
37 8 39 1
38 134 213 1
39 72 105 3
40 113 151 3
41 24 60 1
42 251 291 3
43 369 405 3
44 185 225 2
45 275 306 3
46 100 149 3
47 121 175 3
48 141 209 3
49 81 144 1
50 109 153 1
51 283 344 2
52 233 286 1
53 407 445 3
54 371 404 2
55 332 380 1
56 430 471 2
57 446 502 1
58 397 448 3
59 483 518 1
60 518 553 3
61 401 440 1
62 538 574 1
63 147 191 2
64 352 388 3
65 334 379 1
66 490 532 2
67 550 580 2
68 462 506 3
69 407 458 1
70 269 316 1
71 517 547 3
72 193 253 2
73 283 332 1
74 432 485 2
75 303 374 1
76 262 301 3
77 300 354 2
78 281 341 2
79 490 539 2
80 253 286 3
81 255 300 2
82 420 476 3
83 540 589 1
84 370 401 3
85 417 451 2
86 374 415 2
87 253 300 1
88 493 535 3
89 154 200 1
90 391 435 2
91 67 114 1
92 546 576 3
93 462 510 1
94 287 327 2
95 478 513 2
96 466 522 2
97 301 360 3
98 193 251 1
99 333 386 3
100 264 313 3
101 363 406 1
102 0 600 1
103 0 600 1
104 0 600 1

[Positions]
40 90
170 100
85 18
37 120
81 91
189 111
82 14
105 171
173 36
21 129
52 174
196 188
140 1
36 157
72 154
137 47
182 94
71 50
170 111
99 196
199 93
45 159
14 20
18 154
59 25
129 29
168 31
40 140
20 52
6 26
146 115
178 177
46 72
5 141
149 62
96 129
60 164
32 93
115 167
69 31
94 153
16 91
110 197
176 181
65 83
77 36
35 158
64 31
136 3
123 33
108 30
111 63
58 29
137 12
73 34
29 21
36 159
2 99
192 180
137 56
178 66
187 62
158 96
62 162
183 117
88 43
136 96
173 82
168 137
194 70
50 15
27 156
97 90
170 120
149 160
97 121
97 147
167 112
174 114
141 94
89 138
0 199
185 57
183 72
106 96
112 23
166 26
70 128
10 30
92 65
56 124
12 134
68 67
103 134
103 55
178 119
91 119
173 119
95 5
86 128
56 135
53 40
25 30
106 154
178 24
