[Vehicles]
1 20 1
2 20 1
3 20 0
4 20 0

[Requests]
2 1
3 2
4 2
5 1
6 1
7 2

[Fixed Lines]
14 16 30 60 90 120 150 180 210 240 270 300 330 360 390 420 450 480 510 540 570 |
16 14 30 60 90 120 150 180 210 240 270 300 330 360 390 420 450 480 510 540 570 |
15 16 30 60 90 120 150 180 210 240 270 300 330 360 390 420 450 480 510 540 570 |
16 15 30 60 90 120 150 180 210 240 270 300 330 360 390 420 450 480 510 540 570 |
14 15 30 60 90 120 150 180 210 240 270 300 330 360 390 420 450 480 510 540 570 |
15 14 30 60 90 120 150 180 210 240 270 300 330 360 390 420 450 480 510 540 570 |

[Nodes]
0 0 600 0
1 0 600 0
2 92 149 2
3 219 257 2
4 247 295 1
5 0 78 1
6 196 284 3
7 5 52 1
8 440 506 1
9 233 306 1
10 449 521 3
11 407 465 3
12 232 273 3
13 0 58 3
14 0 600 1
15 0 600 1
16 0 600 1

[Positions]
40 90
170 100
34 153
85 18
60 22
37 120
62 77
49 73
153 159
58 29
105 108
137 12
58 64
58 71
25 30
106 154
178 24
