[Vehicles]
1 20 0
2 19 0
3 19 1
4 18 1
5 17 1
6 17 1
7 17 0
8 17 0
9 17 0
10 17 1
11 16 1
12 16 1
13 16 1
14 16 1
15 16 1
16 15 0
17 15 0
18 15 0

[Requests]
2 2
3 1
4 2
5 1
6 3
7 2
8 1
9 2
10 2
11 1
12 1
13 2
14 2
15 1
16 1
17 2
18 1
19 2
20 3
21 1
22 2
23 1
24 1
25 1
26 2
27 1
28 1
29 1
30 1
31 2
32 2
33 2
34 1
35 2
36 3
37 2
38 1
39 2
40 1
41 2
42 2
43 3
44 2
45 2
46 1
47 2
48 3
49 1
50 2
51 1
52 2
53 1
54 2
55 1
56 1
57 1
58 1
59 2
60 1
61 3
62 1
63 3
64 1
65 3
66 2
67 2
68 1
69 3
70 2
71 2
72 1
73 3
74 1
75 1
76 3
77 2
78 1
79 1
80 1
81 1
82 2
83 1
84 2
85 1
86 2
87 3
88 2
89 3
90 1
91 2
92 3
93 1
94 2
95 1
96 2
97 1
98 2
99 1
100 1
101 3

[Fixed Lines]
202 204 30 60 90 120 150 180 210 240 270 300 330 360 390 420 450 480 510 540 570 |
204 202 30 60 90 120 150 180 210 240 270 300 330 360 390 420 450 480 510 540 570 |
203 204 30 60 90 120 150 180 210 240 270 300 330 360 390 420 450 480 510 540 570 |
204 203 30 60 90 120 150 180 210 240 270 300 330 360 390 420 450 480 510 540 570 |
202 203 30 60 90 120 150 180 210 240 270 300 330 360 390 420 450 480 510 540 570 |
203 202 30 60 90 120 150 180 210 240 270 300 330 360 390 420 450 480 510 540 570 |

[Nodes]
0 0 600 0
1 0 600 0
2 57 111 1
3 252 306 2
4 102 161 3
5 27 102 2
6 332 398 1
7 285 337 3
8 267 329 1
9 405 450 3
10 126 161 2
11 353 384 1
12 141 187 3
13 24 99 1
14 300 352 1
15 264 336 2
16 191 252 3
17 51 116 3
18 121 182 1
19 226 282 1
20 48 107 2
21 97 132 1
22 170 233 3
23 264 317 1
24 53 115 3
25 174 225 2
26 59 115 2
27 0 83 3
28 144 203 2
29 81 129 1
30 130 165 1
31 154 207 3
32 12 90 2
33 76 133 1
34 118 197 3
35 496 556 2
36 94 139 2
37 201 269 2
38 197 262 3
39 260 320 2
40 53 106 1
41 330 374 2
42 118 208 1
43 46 85 3
44 48 104 2
45 131 199 2
46 4 36 2
47 252 327 3
48 50 89 1
49 78 142 2
50 171 237 3
51 118 164 2
52 0 65 2
53 314 381 1
54 12 61 2
55 94 166 2
56 160 213 3
57 139 212 2
58 10 69 3
59 41 117 3
60 106 173 3
61 100 148 2
62 36 102 2
63 75 130 3
64 0 68 2
65 114 156 1
66 252 301 2
67 188 234 1
68 261 330 1
69 35 64 3
70 156 216 2
71 185 259 2
72 269 335 2
73 39 108 3
74 340 398 3
75 164 221 3
76 223 286 2
77 51 109 2
78 287 331 3
79 337 372 2
80 126 161 3
81 16 84 1
82 108 154 2
83 88 137 2
84 141 200 1
85 101 147 2
86 423 488 2
87 150 221 1
88 72 110 1
89 299 340 3
90 117 152 1
91 113 172 3
92 275 334 3
93 222 278 2
94 17 74 3
95 232 270 2
96 220 271 2
97 61 118 3
98 154 238 1
99 220 270 2
100 179 236 1
101 251 281 3
102 508 560 3
103 496 561 1
104 369 414 2
105 456 510 1
106 373 444 2
107 421 479 1
108 265 324 1
109 411 469 2
110 458 528 2
111 419 506 1
112 439 516 2
113 181 233 2
114 467 505 1
115 507 568 2
116 283 359 3
117 228 278 1
118 241 306 3
119 303 368 2
120 353 426 2
121 538 600 1
122 405 453 2
123 472 551 2
124 392 460 2
125 185 244 1
126 462 534 3
127 479 543 2
128 491 525 3
129 470 516 3
130 553 600 3
131 336 403 1
132 341 408 2
133 509 579 2
134 226 279 1
135 510 545 1
136 310 370 3
137 392 459 2
138 315 367 3
139 453 503 3
140 331 407 3
141 382 446 3
142 396 464 3
143 308 363 3
144 420 474 2
145 165 244 1
146 133 198 1
147 474 507 2
148 225 298 2
149 329 390 2
150 345 390 2
151 498 559 3
152 469 535 1
153 423 486 2
154 339 395 2
155 404 450 1
156 285 353 3
157 367 425 3
158 263 335 3
159 408 473 2
160 425 484 3
161 410 471 1
162 455 515 2
163 403 465 2
164 511 556 1
165 465 536 3
166 527 557 1
167 239 326 1
168 486 555 1
169 339 370 3
170 352 411 2
171 281 338 1
172 446 502 3
173 253 299 1
174 385 446 3
175 497 567 3
176 389 447 3
177 364 417 3
178 534 593 1
179 379 446 3
180 469 498 2
181 420 496 2
182 397 475 3
183 294 361 1
184 330 388 2
185 230 287 2
186 515 556 3
187 288 348 1
188 374 433 3
189 445 504 2
190 144 207 2
191 145 178 2
192 330 404 3
193 457 545 3
194 291 372 3
195 362 431 2
196 285 342 3
197 551 600 2
198 393 436 3
199 430 498 2
200 207 281 1
201 405 475 2
202 0 600 2
203 0 600 2
204 0 600 2

[Positions]
30 100
160 90
48 153
170 7
35 46
117 132
144 54
142 118
145 123
111 103
172 78
114 53
96 184
161 52
145 175
9 7
91 137
64 51
107 87
21 32
142 149
64 152
188 69
76 66
135 163
84 166
80 49
143 118
157 8
145 182
127 17
192 61
36 65
93 126
180 84
109 90
24 165
168 175
102 135
35 196
34 117
94 131
188 38
146 146
125 155
42 127
29 81
141 104
30 160
113 163
128 9
64 0
43 71
38 40
35 125
98 182
151 5
109 166
3 91
86 61
193 7
145 189
124 146
70 33
169 75
162 79
162 119
5 79
80 60
154 58
98 8
69 22
135 5
93 51
138 193
45 39
178 1
23 180
31 192
105 101
89 174
23 146
32 139
181 27
66 183
77 92
119 146
176 57
85 41
21 20
101 95
23 61
146 21
160 154
144 135
97 19
154 63
185 45
81 71
96 198
77 60
125 57
23 53
26 55
162 168
138 90
114 103
35 24
149 138
104 104
24 35
46 28
17 14
192 72
190 92
183 86
124 77
131 50
68 1
35 31
47 125
7 71
82 194
199 29
47 111
95 166
186 92
171 67
29 146
100 103
43 82
137 190
168 166
181 84
191 6
118 86
134 81
70 57
124 65
75 112
144 71
57 164
80 197
28 165
148 23
83 141
93 185
40 159
82 112
96 25
166 152
104 113
95 121
117 87
120 50
149 35
121 108
56 124
53 21
33 196
97 168
47 101
188 14
129 167
113 111
25 27
126 119
3 29
186 39
139 181
167 175
128 31
115 144
137 116
178 153
60 144
79 66
105 47
157 65
69 58
193 10
110 133
61 65
158 184
81 11
13 31
83 103
116 22
53 166
144 91
88 91
20 43
113 43
9 21
27 180
135 77
131 101
151 110
176 159
80 108
68 25
126 157
20 20
100 160
180 20
