[Vehicles]
1 10 0
2 6 1
3 8 1
4 10 1
5 11 0
6 12 1
7 7 0
8 9 0

[Requests]
2 2
3 1
4 3
5 2
6 1
7 1
8 1
9 2
10 1
11 3
12 2
13 1
14 1
15 1
16 1
17 2
18 2
19 1
20 2
21 3

[Fixed Lines]
42 44 30 60 90 120 150 180 210 240 270 300 330 360 390 420 450 480 510 540 570 |
44 42 30 60 90 120 150 180 210 240 270 300 330 360 390 420 450 480 510 540 570 |
43 44 30 60 90 120 150 180 210 240 270 300 330 360 390 420 450 480 510 540 570 |
44 43 30 60 90 120 150 180 210 240 270 300 330 360 390 420 450 480 510 540 570 |
42 43 30 60 90 120 150 180 210 240 270 300 330 360 390 420 450 480 510 540 570 |
43 42 30 60 90 120 150 180 210 240 270 300 330 360 390 420 450 480 510 540 570 |

[Nodes]
0 0 600 0
1 0 600 0
2 57 111 1
3 252 306 2
4 332 398 1
5 126 161 2
6 353 384 1
7 264 336 2
8 81 129 1
9 76 133 1
10 118 197 3
11 94 139 2
12 260 320 2
13 53 106 1
14 118 164 2
15 94 166 2
16 160 213 3
17 188 234 1
18 185 259 2
19 126 161 3
20 423 488 2
21 251 281 3
22 508 560 3
23 496 561 1
24 373 444 2
25 458 528 2
26 419 506 1
27 507 568 2
28 470 516 3
29 509 579 2
30 226 279 1
31 310 370 3
32 453 503 3
33 331 407 3
34 498 559 3
35 404 450 1
36 285 353 3
37 239 326 1
38 281 338 1
39 469 498 2
40 515 556 3
41 405 475 2
42 0 600 2
43 0 600 2
44 0 600 2

[Positions]
30 100
160 90
48 153
170 7
144 54
172 78
114 53
9 7
145 182
93 126
180 84
24 165
35 196
34 117
64 0
98 182
151 5
5 79
69 22
89 174
119 146
125 57
23 53
26 55
114 103
24 35
46 28
183 86
100 103
181 84
191 6
134 81
75 112
144 71
104 113
149 35
121 108
3 29
128 31
193 10
83 103
126 157
20 20
100 160
180 20
