[Vehicles]
1 12 0
2 6 1
3 6 1
4 16 1
5 14 1
6 16 1
7 7 0
8 9 0
9 8 1
10 14 1
11 15 0
12 14 0
13 10 0
14 11 1

[Requests]
2 2
3 1
4 3
5 2
6 1
7 2
8 2
9 1
10 1
11 1
12 2
13 2
14 1
15 1
16 1
17 1
18 1
19 2
20 2
21 3
22 2
23 2
24 2
25 3
26 2
27 2
28 1
29 1
30 2
31 1
32 1
33 2
34 1
35 3
36 2
37 2
38 3
39 2
40 2
41 1
42 3
43 1
44 1
45 2
46 3
47 2
48 3
49 1
50 2
51 2

[Fixed Lines]
102 104 30 60 90 120 150 180 210 240 270 300 330 360 390 420 450 480 510 540 570 |
104 102 30 60 90 120 150 180 210 240 270 300 330 360 390 420 450 480 510 540 570 |
103 104 30 60 90 120 150 180 210 240 270 300 330 360 390 420 450 480 510 540 570 |
104 103 30 60 90 120 150 180 210 240 270 300 330 360 390 420 450 480 510 540 570 |
102 103 30 60 90 120 150 180 210 240 270 300 330 360 390 420 450 480 510 540 570 |
103 102 30 60 90 120 150 180 210 240 270 300 330 360 390 420 450 480 510 540 570 |

[Nodes]
0 0 600 0
1 0 600 0
2 57 111 1
3 60 102 2
4 332 388 1
5 285 337 3
6 267 319 1
7 405 450 3
8 126 161 2
9 353 384 1
10 264 336 2
11 191 252 3
12 59 106 3
13 226 262 1
14 97 132 1
15 77 115 3
16 174 225 2
17 144 203 2
18 130 165 1
19 76 133 1
20 496 556 2
21 94 139 2
22 201 249 2
23 260 300 2
24 330 374 2
25 57 85 3
26 73 104 2
27 252 327 3
28 86 132 2
29 314 361 1
30 12 61 2
31 160 203 3
32 139 212 2
33 41 117 3
34 66 102 2
35 114 156 1
36 252 301 2
37 188 234 1
38 35 64 3
39 156 206 2
40 185 239 2
41 269 305 2
42 77 108 3
43 337 372 2
44 88 137 2
45 141 180 1
46 150 191 1
47 80 110 1
48 275 334 3
49 222 268 2
50 220 271 2
51 154 238 1
52 508 549 3
53 456 510 1
54 373 444 2
55 421 479 1
56 265 324 1
57 411 469 2
58 458 528 2
59 419 506 1
60 507 558 2
61 283 359 3
62 228 268 1
63 303 368 2
64 531 561 1
65 392 440 2
66 185 224 1
67 491 525 3
68 543 574 3
69 509 539 2
70 510 545 1
71 310 350 3
72 392 449 2
73 453 503 3
74 382 426 3
75 308 343 3
76 420 454 2
77 474 507 2
78 329 370 2
79 423 486 2
80 339 395 2
81 285 353 3
82 367 425 3
83 408 473 2
84 455 515 2
85 465 503 3
86 524 554 1
87 239 326 1
88 339 370 3
89 352 411 2
90 281 338 1
91 446 492 3
92 253 299 1
93 379 426 3
94 294 341 1
95 330 378 2
96 288 328 1
97 374 413 3
98 330 384 3
99 457 495 3
100 285 332 3
101 393 436 3
102 0 600 2
103 0 600 2
104 0 600 2

[Positions]
30 100
160 90
48 153
117 132
144 54
142 118
145 123
111 103
172 78
114 53
9 7
91 137
64 51
21 32
64 152
135 163
84 166
157 8
127 17
93 126
109 90
24 165
168 175
35 196
94 131
146 146
125 155
141 104
113 163
38 40
35 125
151 5
109 166
86 61
124 146
162 79
162 119
5 79
154 58
98 8
69 22
135 5
93 51
105 101
181 27
66 183
176 57
85 41
146 21
160 154
154 63
81 71
23 53
138 90
114 103
35 24
149 138
104 104
24 35
46 28
183 86
124 77
131 50
35 31
7 71
47 111
95 166
29 146
43 82
181 84
118 86
134 81
70 57
75 112
57 164
28 165
148 23
40 159
96 25
117 87
120 50
121 108
56 124
33 196
188 14
25 27
126 119
3 29
139 181
167 175
128 31
115 144
137 116
69 58
158 184
81 11
116 22
53 166
113 43
9 21
131 101
176 159
20 20
100 160
180 20
