[Vehicles]
1 11 0
2 8 1
3 6 1
4 9 1
5 11 1
6 12 1
7 9 0
8 9 0
9 8 1
10 10 1
11 10 0
12 12 0
13 11 0
14 9 0
15 10 0
16 9 1

[Requests]
2 1
3 2
4 1
5 2
6 1
7 2
8 2
9 1
10 2
11 1
12 2
13 3
14 1
15 2
16 1
17 1
18 2
19 1
20 1
21 1
22 2
23 2
24 2
25 3
26 1
27 1
28 2
29 3
30 2
31 1
32 3
33 1
34 2
35 1
36 1
37 1
38 3
39 1
40 3
41 2
42 2
43 3
44 2
45 2
46 1
47 1
48 3
49 2
50 1
51 1
52 2
53 3
54 3
55 2
56 1
57 2
58 2
59 1
60 2
61 3

[Fixed Lines]
122 124 30 60 90 120 150 180 210 240 270 300 330 360 390 420 450 480 510 540 570 |
124 122 30 60 90 120 150 180 210 240 270 300 330 360 390 420 450 480 510 540 570 |
123 124 30 60 90 120 150 180 210 240 270 300 330 360 390 420 450 480 510 540 570 |
124 123 30 60 90 120 150 180 210 240 270 300 330 360 390 420 450 480 510 540 570 |
122 123 30 60 90 120 150 180 210 240 270 300 330 360 390 420 450 480 510 540 570 |
123 122 30 60 90 120 150 180 210 240 270 300 330 360 390 420 450 480 510 540 570 |

[Nodes]
0 0 600 0
1 0 600 0
2 252 306 2
3 285 327 3
4 267 309 1
5 405 440 3
6 353 384 1
7 38 79 1
8 300 342 1
9 264 306 2
10 59 96 3
11 121 152 1
12 226 262 1
13 61 97 2
14 97 132 1
15 170 213 3
16 264 307 1
17 174 215 2
18 71 105 2
19 32 73 3
20 144 193 2
21 93 129 1
22 154 187 3
23 76 113 1
24 496 546 2
25 94 129 2
26 197 242 3
27 53 96 1
28 330 374 2
29 57 87 3
30 73 104 2
31 31 61 2
32 60 90 1
33 118 154 2
34 31 65 2
35 314 361 1
36 28 69 3
37 106 153 3
38 78 120 3
39 17 68 2
40 114 156 1
41 252 291 2
42 188 234 1
43 35 65 3
44 156 216 2
45 185 249 2
46 340 398 3
47 164 201 3
48 223 266 2
49 80 110 2
50 88 127 2
51 101 137 2
52 423 488 2
53 150 201 1
54 299 340 3
55 113 152 3
56 222 268 2
57 47 77 3
58 220 261 2
59 61 108 3
60 154 208 1
61 251 281 3
62 496 543 1
63 421 469 1
64 265 304 1
65 411 449 2
66 419 466 1
67 181 233 2
68 467 505 1
69 507 548 2
70 228 268 1
71 241 286 3
72 303 338 2
73 353 406 2
74 531 561 1
75 405 443 2
76 472 515 2
77 185 224 1
78 462 504 3
79 479 513 2
80 491 525 3
81 470 506 3
82 336 366 1
83 509 556 2
84 510 545 1
85 310 340 3
86 315 347 3
87 331 367 3
88 382 426 3
89 308 343 3
90 420 454 2
91 133 178 1
92 225 278 2
93 498 536 3
94 469 510 1
95 423 466 2
96 263 305 3
97 425 455 3
98 403 445 2
99 511 547 1
100 465 503 3
101 524 554 1
102 239 269 1
103 339 370 3
104 352 391 2
105 281 328 1
106 385 436 3
107 497 543 3
108 389 437 3
109 364 407 3
110 294 341 1
111 230 267 2
112 515 543 3
113 288 328 1
114 445 484 2
115 145 178 2
116 457 495 3
117 291 332 3
118 285 322 3
119 546 576 2
120 393 436 3
121 405 445 2
122 0 600 2
123 0 600 2
124 0 600 2

[Positions]
30 100
160 90
170 7
142 118
145 123
111 103
114 53
161 52
145 175
9 7
64 51
107 87
21 32
142 149
64 152
188 69
76 66
84 166
80 49
143 118
157 8
145 182
192 61
93 126
109 90
24 165
102 135
34 117
94 131
146 146
125 155
29 81
30 160
64 0
43 71
38 40
3 91
193 7
70 33
169 75
162 79
162 119
5 79
154 58
98 8
69 22
138 193
45 39
178 1
23 180
181 27
77 92
119 146
176 57
21 20
23 61
160 154
144 135
154 63
185 45
81 71
125 57
26 55
35 24
149 138
104 104
46 28
192 72
190 92
183 86
131 50
68 1
35 31
47 125
7 71
82 194
199 29
95 166
186 92
171 67
29 146
100 103
137 190
181 84
118 86
134 81
124 65
144 71
57 164
28 165
148 23
93 185
82 112
104 113
95 121
117 87
53 21
97 168
129 167
113 111
25 27
126 119
3 29
139 181
167 175
128 31
178 153
60 144
79 66
105 47
158 184
13 31
83 103
116 22
144 91
20 43
9 21
27 180
131 101
151 110
176 159
126 157
20 20
100 160
180 20
