[Vehicles]
1 20 0
2 19 0
3 19 1
4 18 1

[Requests]
2 2
3 1
4 2
5 1
6 3
7 2

[Fixed Lines]
14 16 30 60 90 120 150 180 210 240 270 300 330 360 390 420 450 480 510 540 570 |
16 14 30 60 90 120 150 180 210 240 270 300 330 360 390 420 450 480 510 540 570 |
15 16 30 60 90 120 150 180 210 240 270 300 330 360 390 420 450 480 510 540 570 |
16 15 30 60 90 120 150 180 210 240 270 300 330 360 390 420 450 480 510 540 570 |
14 15 30 60 90 120 150 180 210 240 270 300 330 360 390 420 450 480 510 540 570 |
15 14 30 60 90 120 150 180 210 240 270 300 330 360 390 420 450 480 510 540 570 |

[Nodes]
0 0 600 0
1 0 600 0
2 57 111 1
3 252 306 2
4 102 161 3
5 27 102 2
6 332 398 1
7 285 337 3
8 508 560 3
9 496 561 1
10 369 414 2
11 456 510 1
12 373 444 2
13 421 479 1
14 0 600 2
15 0 600 2
16 0 600 2

[Positions]
30 100
160 90
48 153
170 7
35 46
117 132
144 54
142 118
23 53
26 55
162 168
138 90
114 103
35 24
20 20
100 160
180 20
