[Vehicles]
1 20 0
2 19 0
3 19 1
4 18 1
5 17 1
6 17 1
7 17 0
8 17 0
9 17 0
10 17 1
11 16 1
12 16 1
13 16 1
14 16 1
15 16 1
16 15 0

[Requests]
2 2
3 1
4 2
5 1
6 3
7 2
8 1
9 2
10 2
11 1
12 1
13 2
14 2
15 1
16 1
17 2
18 1
19 2
20 3
21 1
22 2
23 1
24 1
25 1
26 2
27 1
28 1
29 1
30 1
31 2
32 2
33 2
34 1
35 2
36 3
37 2
38 1
39 2
40 1
41 2
42 2
43 3
44 2
45 2
46 1
47 2
48 3
49 1
50 2
51 1
52 2
53 1
54 2
55 1
56 1
57 1
58 1
59 2
60 1
61 3
62 1
63 3
64 1
65 3
66 2
67 2
68 1
69 3
70 2
71 2
72 1
73 3
74 1
75 1
76 3

[Fixed Lines]
152 154 30 60 90 120 150 180 210 240 270 300 330 360 390 420 450 480 510 540 570 |
154 152 30 60 90 120 150 180 210 240 270 300 330 360 390 420 450 480 510 540 570 |
153 154 30 60 90 120 150 180 210 240 270 300 330 360 390 420 450 480 510 540 570 |
154 153 30 60 90 120 150 180 210 240 270 300 330 360 390 420 450 480 510 540 570 |
152 153 30 60 90 120 150 180 210 240 270 300 330 360 390 420 450 480 510 540 570 |
153 152 30 60 90 120 150 180 210 240 270 300 330 360 390 420 450 480 510 540 570 |

[Nodes]
0 0 600 0
1 0 600 0
2 57 111 1
3 252 306 2
4 102 161 3
5 27 102 2
6 332 398 1
7 285 337 3
8 267 329 1
9 405 450 3
10 126 161 2
11 353 384 1
12 141 187 3
13 24 99 1
14 300 352 1
15 264 336 2
16 191 252 3
17 51 116 3
18 121 182 1
19 226 282 1
20 48 107 2
21 97 132 1
22 170 233 3
23 264 317 1
24 53 115 3
25 174 225 2
26 59 115 2
27 0 83 3
28 144 203 2
29 81 129 1
30 130 165 1
31 154 207 3
32 12 90 2
33 76 133 1
34 118 197 3
35 496 556 2
36 94 139 2
37 201 269 2
38 197 262 3
39 260 320 2
40 53 106 1
41 330 374 2
42 118 208 1
43 46 85 3
44 48 104 2
45 131 199 2
46 4 36 2
47 252 327 3
48 50 89 1
49 78 142 2
50 171 237 3
51 118 164 2
52 0 65 2
53 314 381 1
54 12 61 2
55 94 166 2
56 160 213 3
57 139 212 2
58 10 69 3
59 41 117 3
60 106 173 3
61 100 148 2
62 36 102 2
63 75 130 3
64 0 68 2
65 114 156 1
66 252 301 2
67 188 234 1
68 261 330 1
69 35 64 3
70 156 216 2
71 185 259 2
72 269 335 2
73 39 108 3
74 340 398 3
75 164 221 3
76 223 286 2
77 508 560 3
78 496 561 1
79 369 414 2
80 456 510 1
81 373 444 2
82 421 479 1
83 265 324 1
84 411 469 2
85 458 528 2
86 419 506 1
87 439 516 2
88 181 233 2
89 467 505 1
90 507 568 2
91 283 359 3
92 228 278 1
93 241 306 3
94 303 368 2
95 353 426 2
96 538 600 1
97 405 453 2
98 472 551 2
99 392 460 2
100 185 244 1
101 462 534 3
102 479 543 2
103 491 525 3
104 470 516 3
105 553 600 3
106 336 403 1
107 341 408 2
108 509 579 2
109 226 279 1
110 510 545 1
111 310 370 3
112 392 459 2
113 315 367 3
114 453 503 3
115 331 407 3
116 382 446 3
117 396 464 3
118 308 363 3
119 420 474 2
120 165 244 1
121 133 198 1
122 474 507 2
123 225 298 2
124 329 390 2
125 345 390 2
126 498 559 3
127 469 535 1
128 423 486 2
129 339 395 2
130 404 450 1
131 285 353 3
132 367 425 3
133 263 335 3
134 408 473 2
135 425 484 3
136 410 471 1
137 455 515 2
138 403 465 2
139 511 556 1
140 465 536 3
141 527 557 1
142 239 326 1
143 486 555 1
144 339 370 3
145 352 411 2
146 281 338 1
147 446 502 3
148 253 299 1
149 385 446 3
150 497 567 3
151 389 447 3
152 0 600 2
153 0 600 2
154 0 600 2

[Positions]
30 100
160 90
48 153
170 7
35 46
117 132
144 54
142 118
145 123
111 103
172 78
114 53
96 184
161 52
145 175
9 7
91 137
64 51
107 87
21 32
142 149
64 152
188 69
76 66
135 163
84 166
80 49
143 118
157 8
145 182
127 17
192 61
36 65
93 126
180 84
109 90
24 165
168 175
102 135
35 196
34 117
94 131
188 38
146 146
125 155
42 127
29 81
141 104
30 160
113 163
128 9
64 0
43 71
38 40
35 125
98 182
151 5
109 166
3 91
86 61
193 7
145 189
124 146
70 33
169 75
162 79
162 119
5 79
80 60
154 58
98 8
69 22
135 5
93 51
138 193
45 39
178 1
23 53
26 55
162 168
138 90
114 103
35 24
149 138
104 104
24 35
46 28
17 14
192 72
190 92
183 86
124 77
131 50
68 1
35 31
47 125
7 71
82 194
199 29
47 111
95 166
186 92
171 67
29 146
100 103
43 82
137 190
168 166
181 84
191 6
118 86
134 81
70 57
124 65
75 112
144 71
57 164
80 197
28 165
148 23
83 141
93 185
40 159
82 112
96 25
166 152
104 113
95 121
117 87
120 50
149 35
121 108
56 124
53 21
33 196
97 168
47 101
188 14
129 167
113 111
25 27
126 119
3 29
186 39
139 181
167 175
128 31
115 144
137 116
178 153
60 144
79 66
20 20
100 160
180 20
