[Vehicles]
1 20 0
2 19 0
3 19 1
4 18 1

[Requests]
2 2
3 1
4 2
5 1
6 3
7 2
8 1

[Fixed Lines]
16 18 30 60 90 120 150 180 210 240 270 300 330 360 390 420 450 480 510 540 570 |
18 16 30 60 90 120 150 180 210 240 270 300 330 360 390 420 450 480 510 540 570 |
17 18 30 60 90 120 150 180 210 240 270 300 330 360 390 420 450 480 510 540 570 |
18 17 30 60 90 120 150 180 210 240 270 300 330 360 390 420 450 480 510 540 570 |
16 17 30 60 90 120 150 180 210 240 270 300 330 360 390 420 450 480 510 540 570 |
17 16 30 60 90 120 150 180 210 240 270 300 330 360 390 420 450 480 510 540 570 |

[Nodes]
0 0 600 0
1 0 600 0
2 57 111 1
3 252 306 2
4 102 161 3
5 27 102 2
6 332 398 1
7 285 337 3
8 267 329 1
9 508 560 3
10 496 561 1
11 369 414 2
12 456 510 1
13 373 444 2
14 421 479 1
15 265 324 1
16 0 600 2
17 0 600 2
18 0 600 2

[Positions]
30 100
160 90
48 153
170 7
35 46
117 132
144 54
142 118
145 123
23 53
26 55
162 168
138 90
114 103
35 24
149 138
20 20
100 160
180 20
